0.693472
0.693615
0.693702
0.693847
0.693388
0.693312
0.692805
0.693329
0.69351
0.692908
0.693412
0.693127
0.693752
0.693214
0.693213
0.693196
0.6933
0.69321
0.693573
0.693614
0.69348
0.693281
0.693402
0.692996
0.693053
0.693322
0.693004
0.693414
0.693284
0.693354
0.69324
0.693033
0.693134
0.693128
0.693186
0.693053
0.693122
0.693092
0.693301
0.692958
0.693867
0.693447
0.692838
0.692784
0.692883
0.693109
0.692886
0.692854
0.693669
0.693316
0.693852
0.693513
0.692774
0.692958
0.693594
0.692688
0.693462
0.692941
0.692858
0.693415
0.693226
0.69321
0.693348
0.693198
0.692997
0.693259
0.693258
0.693219
0.693289
0.693291
0.69312
0.692944
0.692908
0.693499
0.692751
0.692569
0.693272
0.693315
0.693436
0.692762
0.693307
0.693488
0.693395
0.693262
0.693161
0.69291
0.693328
0.69324
0.693232
0.69338
0.69285
0.692783
0.693579
0.693238
0.693121
0.692852
0.693312
0.693131
0.692992
0.692995
0.692606
0.693006
0.693429
0.693283
0.692719
0.69326
0.69341
0.693122
0.692949
0.692506
0.693072
0.693606
0.693713
0.693338
0.692835
0.69284
0.692692
0.692581
0.693065
0.693336
0.692932
0.693195
0.693279
0.693154
0.693027
0.693283
0.692846
0.693271
0.69324
0.693209
0.693488
0.693112
0.693403
0.692849
0.693246
0.692963
0.692689
0.692946
0.693085
0.693029
0.692853
0.69339
0.693381
0.693269
0.693117
0.693459
0.693279
0.692861
0.693185
0.693299
0.693448
0.693334
0.692899
0.693203
0.693143
0.693707
0.69291
0.693789
0.693166
0.692729
0.693392
0.6931
0.692655
0.693264
0.69339
0.692794
0.693271
0.693129
0.693592
0.692822
0.693388
0.693177
0.692643
0.693342
0.692635
0.692937
0.693434
0.693419
0.693386
0.693168
0.693311
0.692956
0.693009
0.693496
0.69302
0.692724
0.6935
0.69336
0.692822
0.693036
0.693157
0.692822
0.693153
0.693243
0.693195
0.693359
0.692802
0.692906
0.693213
0.693705
0.693208
0.693699
0.692699
0.69324
0.693236
0.69359
0.693347
0.69313
0.693173
0.69295
0.693047
0.693138
0.693491
0.693305
0.693713
0.693374
0.692821
0.693115
0.692986
0.693313
0.693612
0.693344
0.693307
0.693867
0.693185
0.693075
0.692761
0.69404
0.693003
0.693204
0.693163
0.693139
0.692916
0.692976
0.693319
0.693513
0.692881
0.693429
0.692811
0.6929
0.692969
0.693049
0.692978
0.693928
0.693792
0.693263
0.693467
0.693259
0.692923
0.692776
0.693155
0.692995
0.692899
0.692986
0.693241
0.693755
0.692837
0.693111
0.693313
0.692894
0.693112
0.693013
0.692714
0.693233
0.693252
0.692672
0.693509
0.693366
0.692928
0.692419
0.693115
0.693607
0.693349
0.693287
0.693528
0.6932
0.692727
0.693413
0.692915
0.692755
0.693181
0.693318
0.692897
0.692657
0.693668
0.693243
0.692821
0.692938
0.693247
0.692399
0.692849
0.693179
0.693547
0.693228
0.693377
0.693115
0.693207
0.693296
0.692866
0.692868
0.692583
0.693168
0.693715
0.693017
0.692572
0.693073
0.693361
0.69345
0.693393
0.693096
0.693141
0.693268
0.692782
0.692894
0.692983
0.692489
0.693021
0.693393
0.693675
0.692858
0.692802
0.693261
0.69314
0.693573
0.693048
0.693084
0.693224
0.693349
0.694007
0.693547
0.6931
0.692837
0.692928
0.693096
0.692756
0.693186
0.692882
0.693062
0.693097
0.693219
0.692952
0.693243
0.692811
0.693101
0.693028
0.692945
0.693134
0.693238
0.693522
0.693811
0.692553
0.693311
0.693782
0.693424
0.693167
0.693379
0.693254
0.693557
0.692816
0.693031
0.69313
0.693023
0.692934
0.693407
0.692533
0.692862
0.69311
0.693601
0.693218
0.693316
0.693347
0.693338
0.693628
0.693566
0.69319
0.693507
0.693613
0.693287
0.693136
0.693276
0.693171
0.69369
0.693187
0.693574
0.693423
0.692635
0.692992
0.6929
0.693147
0.693673
0.693378
0.693148
0.692682
0.693389
0.693429
0.692774
0.693355
0.693392
0.692877
0.692982
0.693267
0.693133
0.692775
0.693148
0.693198
0.692513
0.692861
0.693481
0.693374
0.693609
0.69302
0.6937
0.692967
0.692868
0.692839
0.692817
0.693555
0.693456
0.693751
0.692861
0.693471
0.692972
0.693341
0.693188
0.692918
0.693075
0.692678
0.692938
0.693213
0.692851
0.693824
0.693486
0.693064
0.693237
0.693004
0.693273
0.693934
0.692773
0.692486
0.693123
0.693401
0.693739
0.692904
0.692901
0.693111
0.693608
0.692935
0.692943
0.69342
0.692665
0.693223
0.693002
0.692893
0.693172
0.692884
0.693043
0.693473
0.693338
0.692932
0.693102
0.693211
0.693906
0.693105
0.692725
0.692916
0.693165
0.693363
0.692803
0.693177
0.69298
0.693599
0.692912
0.692708
0.692831
0.693471
0.693035
0.692614
0.692976
0.692953
0.693197
0.693176
0.693015
0.693009
0.692755
0.693006
0.692873
0.693798
0.693323
0.692897
0.69288
0.693453
0.693153
0.692776
0.693051
0.69285
0.692892
0.692978
0.692699
0.69357
0.693063
0.692929
0.693032
0.692481
0.692883
0.692864
0.692691
0.69297
0.693437
0.693263
0.693495
0.693095
0.693011
0.693321
0.693199
0.693213
0.693085
0.693049
0.693505
0.692816
0.692801
0.692796
0.692599
0.693149
0.693035
0.693312
0.693605
0.69287
0.69248
0.69352
0.692924
0.692525
0.693328
0.693432
0.693527
0.692928
0.69332
0.693117
0.693365
0.693116
0.693149
0.692986
0.693039
0.693227
0.693422
0.693104
0.693383
0.69334
0.69305
0.69331
0.693176
0.692952
0.693306
0.693146
0.69319
0.693698
0.693383
0.692991
0.692969
0.693326
0.693144
0.693468
0.692996
0.693002
0.693264
0.693513
0.69308
0.693219
0.693261
0.693138
0.692794
0.692965
0.692449
0.692633
0.692922
0.692765
0.692861
0.692996
0.693067
0.692836
0.693016
0.692918
0.693091
0.69269
0.692971
0.693294
0.693191
0.693204
0.693095
0.692868
0.6933
0.693508
0.693026
0.693041
0.693338
0.693381
0.693328
0.693307
0.693018
0.69326
0.69316
0.693076
0.693265
0.693518
0.693062
0.693505
0.693128
0.693147
0.692902
0.693353
0.693055
0.693134
0.692919
0.693066
0.693055
0.694143
0.693778
0.692795
0.692736
0.693419
0.693709
0.693178
0.693172
0.693778
0.693152
0.693246
0.693478
0.692951
0.693377
0.693414
0.693081
0.693117
0.692781
0.693093
0.692957
0.693187
0.693129
0.692875
0.693369
0.693848
0.693222
0.693504
0.692989
0.692934
0.693148
0.693325
0.693424
0.69353
0.693114
0.69293
0.692717
0.693054
0.693033
0.692822
0.693117
0.693145
0.693293
0.692908
0.693115
0.693307
0.693386
0.692905
0.693598
0.693368
0.693035
0.693191
0.693192
0.69258
0.692952
0.69367
0.693326
0.692855
0.693011
0.693329
0.693905
0.693232
0.693267
0.693062
0.692758
0.692796
0.6934
0.693044
0.693164
0.693153
0.69308
0.693081
0.693206
0.692867
0.693117
0.693239
0.693287
0.692829
0.693059
0.693271
0.69349
0.693016
0.693342
0.693186
0.692775
0.692895
0.693341
0.693141
0.693301
0.693799
0.693216
0.692808
0.693043
0.69319
0.692995
0.692946
0.692999
0.692856
0.69266
0.692989
0.692684
0.69353
0.693233
0.692671
0.692968
0.692868
0.693294
0.692823
0.69265
0.693353
0.69271
0.693066
0.693069
0.692836
0.693343
0.692896
0.692937
0.693176
0.692668
0.693423
0.692657
0.693062
0.692962
0.693306
0.692789
0.692241
0.692493
0.692824
0.692927
0.693189
0.693074
0.692742
0.693335
0.692894
0.692928
0.69329
0.692882
0.693177
0.693355
0.693538
0.692928
0.6929
0.693406
0.693082
0.692964
0.69295
0.692656
0.693389
0.693111
0.693188
0.693204
0.692836
0.693254
0.692888
0.693061
0.693296
0.693396
0.693028
0.69333
0.693053
0.693399
0.692944
0.693154
0.693022
0.693506
0.69374
0.693248
0.692822
0.692834
0.693002
0.693902
0.693088
0.69254
0.693451
0.693615
0.693073
0.693513
0.692759
0.692659
0.69286
0.693398
0.693119
0.693398
0.694078
0.693509
0.693224
0.692789
0.693992
0.69362
0.693182
0.692814
0.693174
0.693159
0.692777
0.693244
0.693577
0.693316
0.69308
0.693567
0.693434
0.693
0.693243
0.693701
0.693555
0.693087
0.692787
0.692627
0.693216
0.693803
0.693386
0.692806
0.693115
0.693689
0.692736
0.693246
0.693702
0.69398
0.693281
0.692987
0.692769
0.693302
0.693206
0.693686
0.693394
0.693297
0.693176
0.693126
0.693741
0.693646
0.692721
0.693201
0.693496
0.693478
0.693089
0.69293
0.692763
0.69336
0.693552
0.69303
0.693144
0.693308
0.693316
0.692882
0.692952
0.693367
0.692549
0.693126
0.692779
0.693197
0.693304
0.693893
0.693456
0.693675
0.692899
0.692779
0.693344
0.692836
0.693499
0.693283
0.693293
0.692811
0.693273
0.693914
0.693502
0.693136
0.693406
0.692944
0.692079
0.692853
0.693507
0.693256
0.6935
0.693388
0.693517
0.693284
0.693379
0.692988
0.693105
0.693378
0.693097
0.693237
0.693591
0.693672
0.693239
0.693235
0.693376
0.693796
0.692926
0.692872
0.693099
0.693378
0.692988
0.692768
0.693226
0.692849
0.693421
0.692868
0.692726
0.693848
0.693892
0.693361
0.693439
0.692536
0.693003
0.693489
0.693301
0.693321
0.692894
0.692747
0.693109
0.69347
0.693045
0.692756
0.692609
0.692916
0.693315
0.693514
0.692761
0.693362
0.693576
0.693481
0.693427
0.693577
0.693034
0.693333
0.692688
0.69332
0.693257
0.692816
0.693001
0.693089
0.692796
0.692653
0.693514
0.692735
0.693031
0.693064
0.693008
0.693326
0.693816
0.693055
0.692865
0.69354
0.693021
0.693056
0.693193
0.692561
0.693616
0.693389
0.693147
0.69343
0.692941
0.69303
0.693287
0.693003
0.692956
0.693184
0.692961
0.693305
0.693253
0.693159
0.693074
0.693183
0.693252
0.693272
0.693435
0.693104
0.693277
0.692883
0.693135
0.692912
0.693574
0.693292
0.69317
0.693265
0.693033
0.693289
0.693036
0.693019
0.693076
0.692829
0.693153
0.69348
0.69334
0.693134
0.692802
0.693324
0.692839
0.693361
0.693574
0.69302
0.692694
0.692581
0.693149
0.69307
0.693293
0.693335
0.693074
0.693641
0.693562
0.693525
0.693326
0.693508
0.692906
0.693468
0.693712
0.693358
0.692864
0.693518
0.693134
0.693225
0.693059
0.692994
0.693154
0.69287
0.693409
0.693181
0.69319
0.693128
0.693091
0.693303
0.693569
0.693148
0.693591
0.693533
0.693744
0.693241
0.692747
0.69334
0.693094
0.693392
0.693343
0.693102
0.692807
0.692926
0.692975
0.693288
0.693346
0.692858
0.692554
0.693016
0.693199
0.693506
0.693835
0.692956
0.693599
0.693219
0.692884
0.693266
0.693384
0.693579
0.69297
0.692909
0.693209
0.693505
0.693384
0.693169
0.693612
0.693198
0.693111
0.692986
0.692698
0.693406
0.693496
0.693414
0.693483
0.693919
0.692945
0.692721
0.692652
0.692936
0.693163
0.693104
0.693331
0.693063
0.693039
0.69338
0.693074
0.693115
0.693483
0.69327
0.692889
0.693418
0.693355
0.693175
0.693598
0.6937
0.692933
0.692774
0.693368
0.692789
0.693132
0.693228
0.693194
0.693172
0.693206
0.693258
0.693077
0.692617
0.692938
0.692843
0.692848
0.693466
0.693625
0.693227
0.693156
0.693255
0.692735
0.693166
0.693593
0.692965
0.693163
0.693207
0.692988
0.692946
0.693161
0.692802
0.693192
0.693192
0.693259
0.693521
0.692694
0.693429
0.692953
0.692843
0.693
0.693162
0.693159
0.693459
0.693133
0.693475
0.693009
0.693495
0.693204
0.693361
0.69318
0.69296
0.692865
0.692925
0.693117
0.693032
0.692773
0.693003
0.692778
0.692701
0.693267
0.692483
0.692938
0.692801
0.693428
0.692959
0.693291
0.69277
0.693315
0.693044
0.693213
0.693078
0.693088
0.692733
0.692941
0.693243
0.693438
0.693666
0.693251
0.693352
0.692934
0.69325
0.693233
0.693342
0.693596
0.692713
0.693368
0.693047
0.693302
0.693165
0.693805
0.692515
0.693331
0.692888
0.6931
0.693023
0.693009
0.692906
0.693221
0.692816
0.693429
0.693501
0.693505
0.693908
0.692933
0.693488
0.69328
0.693057
0.693229
0.69324
0.693485
0.69358
0.693505
0.693075
0.693261
0.693109
0.693071
0.693434
0.692931
0.693069
0.693314
0.693317
0.69348
0.693394
0.693613
0.69299
0.693351
0.693125
0.693017
0.693531
0.692969
0.693725
0.69314
0.693057
0.693449
0.692787
0.693492
0.693459
0.693285
0.693869
0.69323
0.693261
0.693192
0.693952
0.69296
0.693342
0.693453
0.692917
0.693223
0.692824
0.69305
0.693045
0.69324
0.693386
0.693417
0.693481
0.693307
0.693456
0.693374
0.693418
0.69271
0.692948
0.693049
0.692661
0.693118
0.693439
0.69367
0.693143
0.692975
0.692999
0.692852
0.692574
0.692907
0.692906
0.693101
0.693163
0.693109
0.693179
0.693563
0.693074
0.693263
0.692926
0.693679
0.693305
0.69328
0.693341
0.693005
0.693329
0.692917
0.693344
0.693129
0.693276
0.692615
0.693282
0.693248
0.692803
0.693101
0.693394
0.693035
0.692926
0.69321
0.693332
0.693547
0.693186
0.69339
0.693632
0.693697
0.693393
0.693157
0.69276
0.692624
0.692879
0.692442
0.693406
0.693225
0.693193
0.692813
0.69286
0.692486
0.693128
0.693024
0.693577
0.693655
0.693198
0.693066
0.692921
0.692589
0.693515
0.693319
0.693352
0.692716
0.69279
0.692889
0.692735
0.693049
0.693098
0.693056
0.693214
0.692931
0.693017
0.692871
0.693927
0.693137
0.693049
0.692782
0.692973
0.692636
0.692779
0.693921
0.693082
0.693474
0.693016
0.692906
0.693045
0.693686
0.693155
0.693878
0.693149
0.693291
0.693115
0.693256
0.693408
0.693086
0.693584
0.692946
0.693627
0.69319
0.693223
0.693705
0.692915
0.693402
0.692943
0.693209
0.693699
0.693085
0.692908
0.692855
0.692839
0.693628
0.69292
0.692756
0.693734
0.69302
0.693683
0.692907
0.692984
0.692924
0.693649
0.692825
0.693068
0.693196
0.69323
0.692764
0.693178
0.693204
0.693136
0.693058
0.693413
0.692936
0.693171
0.693279
0.693507
0.692846
0.693491
0.693091
0.693233
0.693026
0.693168
0.693266
0.693218
0.69273
0.693355
0.693462
0.693366
0.693519
0.692964
0.693225
0.693515
0.693054
0.693554
0.692498
0.692793
0.69324
0.693293
0.693281
0.693577
0.693688
0.692821
0.692532
0.693054
0.693419
0.693172
0.693003
0.693193
0.693152
0.69308
0.693573
0.693659
0.693083
0.693038
0.693103
0.692788
0.692877
0.692776
0.693065
0.693434
0.692937
0.692588
0.692647
0.693279
0.693168
0.693259
0.693527
0.693479
0.693
0.692805
0.692834
0.692729
0.69314
0.692909
0.692881
0.693111
0.693642
0.692755
0.693022
0.693444
0.693373
0.692644
0.693169
0.693555
0.693204
0.69332
0.693502
0.693936
0.693047
0.692985
0.693279
0.692672
0.693603
0.693223
0.69367
0.693584
0.693109
0.693194
0.692789
0.693203
0.692994
0.692831
0.692706
0.693255
0.693031
0.69281
0.693059
0.694086
0.693017
0.693218
0.693127
0.692939
0.693481
0.693213
0.693401
0.693276
0.693121
0.693264
0.693494
0.693077
0.692691
0.69296
0.693346
0.693081
0.693349
0.693245
0.692914
0.693108
0.693324
0.693168
0.693041
0.69281
0.692811
0.693003
0.692996
0.69383
0.693174
0.693206
0.693248
0.693097
0.692843
0.693113
0.693112
0.693468
0.693445
0.692751
0.692943
0.693136
0.693078
0.692926
0.693016
0.693159
0.692673
0.693053
0.693358
0.693026
0.693322
0.69332
0.693268
0.693463
0.693269
0.693103
0.693078
0.693425
0.693388
0.693134
0.693297
0.693047
0.692863
0.692934
0.693311
0.693129
0.693292
0.692932
0.69323
0.692799
0.693304
0.69336
0.693033
0.693537
0.693303
0.693295
0.69378
0.693623
0.693213
0.693003
0.693179
0.692887
0.693325
0.692649
0.693123
0.693428
0.692731
0.69357
0.692759
0.692881
0.693428
0.693039
0.692307
0.693005
0.693115
0.693196
0.693358
0.693352
0.693435
0.693273
0.693366
0.693094
0.693706
0.692917
0.692946
0.693643
0.692853
0.69321
0.69342
0.693235
0.692924
0.692937
0.693124
0.693414
0.693113
0.692818
0.692915
0.693148
0.692781
0.693352
0.693081
0.693529
0.693408
0.692748
0.693467
0.692987
0.693435
0.693086
0.693414
0.693558
0.692854
0.693144
0.692741
0.692884
0.693472
0.692712
0.693167
0.693042
0.692994
0.693271
0.69328
0.693191
0.693714
0.692821
0.692782
0.693
0.693035
0.693167
0.692838
0.693312
0.693102
0.693267
0.69306
0.693216
0.69314
0.693026
0.693065
0.693128
0.693525
0.693407
0.692938
0.692989
0.693291
0.693155
0.692462
0.693205
0.693514
0.693105
0.693362
0.693426
0.69323
0.692675
0.692741
0.693176
0.693427
0.69359
0.692801
0.692835
0.693318
0.693151
0.692785
0.692509
0.693308
0.693205
0.692935
0.693
0.693484
0.69379
0.69331
0.693122
0.692807
0.693161
0.693461
0.693314
0.693116
0.693136
0.693431
0.693476
0.693102
0.693121
0.693871
0.693499
0.693193
0.692586
0.692822
0.693639
0.693265
0.693269
0.69338
0.6935
0.692569
0.693098
0.692638
0.693089
0.693052
0.693326
0.69336
0.693221
0.693243
0.693494
0.693656
0.693168
0.69343
0.693133
0.692919
0.693259
0.693098
0.692891
0.692938
0.693112
0.693633
0.693276
0.692761
0.692675
0.692823
0.692776
0.693447
0.693716
0.693127
0.693175
0.693388
0.692953
0.693669
0.692969
0.692631
0.69329
0.693433
0.692999
0.693248
0.693344
0.693581
0.693259
0.693369
0.693244
0.693347
0.692851
0.693425
0.693449
0.693372
0.693525
0.692653
0.693106
0.693811
0.692824
0.693189
0.693442
0.693345
0.692864
0.692816
0.693469
0.693646
0.693485
0.693476
0.693459
0.693086
0.693485
0.693345
0.692984
0.693514
0.693348
0.69342
0.692625
0.692791
0.693109
0.692627
0.692962
0.693659
0.692569
0.692393
0.692884
0.692996
0.693497
0.693326
0.693617
0.692903
0.693477
0.693575
0.693547
0.693198
0.693448
0.692912
0.693174
0.69313
0.692541
0.693078
0.693087
0.69312
0.693156
0.692896
0.692744
0.692981
0.692784
0.693162
0.693572
0.693359
0.693359
0.69289
0.693156
0.693188
0.693901
0.693079
0.692798
0.693288
0.693417
0.69338
0.693189
0.693085
0.692873
0.693471
0.693418
0.693694
0.693282
0.693051
0.693702
0.693365
0.693127
0.69258
0.692937
0.692855
0.693444
0.693069
0.692878
0.692838
0.693202
0.693334
0.693095
0.693553
0.692978
0.693196
0.692812
0.693356
0.693038
0.693595
0.692678
0.692637
0.692973
0.693053
0.693006
0.693109
0.69307
0.693439
0.69259
0.692866
0.692579
0.693383
0.693172
0.692773
0.693153
0.692921
0.693326
0.69269
0.692962
0.693649
0.693456
0.693795
0.693165
0.693541
0.693049
0.693056
0.693251
0.693152
0.692672
0.693077
0.693308
0.69346
0.692868
0.692524
0.692874
0.693595
0.693387
0.693255
0.693224
0.693032
0.693078
0.693209
0.693365
0.693543
0.693109
0.692893
0.693202
0.692686
0.693564
0.693044
0.693222
0.693707
0.692972
0.693644
0.692701
0.693258
0.692664
0.693118
0.69298
0.693572
0.693484
0.693455
0.693242
0.692942
0.692871
0.693489
0.693056
0.693123
0.69311
0.693546
0.692712
0.693537
0.693594
0.692603
0.692836
0.693358
0.693356
0.692691
0.693271
0.693082
0.693049
0.693249
0.693453
0.693721
0.693396
0.693678
0.693181
0.69349
0.693086
0.693119
0.692746
0.693612
0.693229
0.692819
0.693257
0.692759
0.693307
0.693084
0.692719
0.693439
0.693305
0.692882
0.693264
0.69338
0.693352
0.693153
0.69303
0.692786
0.693265
0.693052
0.693344
0.692989
0.69312
0.693243
0.693229
0.693255
0.693154
0.693199
0.692845
0.693583
0.693094
0.693055
0.693104
0.692655
0.693329
0.693082
0.693157
0.692839
0.692795
0.693558
0.692997
0.693442
0.693991
0.693082
0.693296
0.693223
0.693296
0.693409
0.692985
0.692637
0.692889
0.693325
0.69268
0.692689
0.692966
0.693598
0.692987
0.69299
0.693869
0.69307
0.692844
0.693663
0.693275
0.693422
0.693138
0.692877
0.693009
0.693092
0.693082
0.69301
0.693117
0.693276
0.693058
0.692576
0.69257
0.69277
0.693018
0.692555
0.692902
0.693205
0.692944
0.693019
0.693316
0.692677
0.69302
0.693068
0.693297
0.69322
0.693167
0.692773
0.693095
0.693295
0.693381
0.693209
0.692313
0.692885
0.692598
0.693063
0.693143
0.692828
0.693301
0.692813
0.692797
0.693279
0.693067
0.693416
0.693005
0.69332
0.693273
0.693475
0.693577
0.693544
0.6931
0.694079
0.692909
0.692756
0.692682
0.69335
0.693114
0.693801
0.693091
0.69316
0.692859
0.693078
0.69334
0.693306
0.693335
0.693348
0.692738
0.693123
0.693106
0.693287
0.69315
0.692965
0.692786
0.6932
0.692872
0.693237
0.693123
0.693307
0.692782
0.693055
0.692643
0.693122
0.693163
0.693376
0.693333
0.693209
0.693108
0.69333
0.693254
0.692713
0.693533
0.69324
0.693134
0.693178
0.692914
0.693345
0.692564
0.692358
0.692597
0.693328
0.692971
0.693356
0.693116
0.693087
0.692774
0.692755
0.693382
0.692691
0.692398
0.693024
0.693487
0.693312
0.69285
0.693011
0.692891
0.693328
0.693532
0.693287
0.693014
0.692946
0.693352
0.692572
0.693053
0.692889
0.692867
0.693304
0.693105
0.692765
0.692722
0.692514
0.692583
0.693037
0.692894
0.693032
0.693224
0.693089
0.693116
0.693655
0.69304
0.693384
0.692984
0.693182
0.692946
0.692403
0.693289
0.693245
0.693347
0.693559
0.693035
0.692818
0.693167
0.692732
0.693087
0.693088
0.693332
0.693218
0.693376
0.693205
0.693439
0.693567
0.693182
0.693511
0.693164
0.692728
0.693283
0.693316
0.69287
0.693841
0.693611
0.693518
0.692877
0.693217
0.693422
0.693502
0.693396
0.693703
0.69332
0.69313
0.692878
0.693157
0.69356
0.693165
0.69284
0.693091
0.6931
0.693112
0.693639
0.693786
0.693357
0.69292
0.693396
0.693233
0.693057
0.693164
0.693066
0.693232
0.69306
0.693029
0.693418
0.692884
0.69282
0.692773
0.693236
0.693193
0.692943
0.693216
0.692942
0.692801
0.693197
0.69306
0.693249
0.693115
0.693314
0.69301
0.692892
0.693516
0.693052
0.693304
0.692752
0.693021
0.692699
0.693387
0.693402
0.693279
0.692914
0.693335
0.692782
0.692926
0.693022
0.693066
0.692966
0.69325
0.693082
0.693047
0.692618
0.693043
0.692821
0.693413
0.693423
0.693258
0.693552
0.693377
0.692729
0.692951
0.692879
0.693164
0.692941
0.693756
0.693319
0.692903
0.692805
0.693227
0.693404
0.693359
0.693075
0.69284
0.692774
0.692719
0.693133
0.69353
0.693403
0.693211
0.692894
0.692889
0.69311
0.6927
0.693286
0.693499
0.69319
0.693172
0.693516
0.692998
0.693062
0.693256
0.693936
0.693372
0.692941
0.693293
0.693467
0.693569
0.693765
0.693196
0.693252
0.692955
0.693224
0.693187
0.69329
0.693357
0.693519
0.693419
0.693315
0.692497
0.693021
0.693297
0.693421
0.692788
0.693073
0.693335
0.693788
0.693478
0.693228
0.69346
0.693267
0.692928
0.693098
0.692808
0.693048
0.69304
0.693236
0.693268
0.693564
0.693244
0.693563
0.693264
0.692576
0.692324
0.693161
0.693027
0.69357
0.692876
0.693297
0.693062
0.693379
0.693541
0.693178
0.693086
0.692991
0.693003
0.692973
0.69345
0.693289
0.694073
0.692959
0.693406
0.693221
0.693182
0.693415
0.692527
0.693019
0.693144
0.693392
0.693382
0.69287
0.693242
0.692948
0.692937
0.693446
0.693168
0.693283
0.692965
0.69301
0.693968
0.693159
0.692827
0.69332
0.693186
0.692858
0.692943
0.692801
0.693167
0.693113
0.693428
0.693698
0.693973
0.693202
0.692742
0.693249
0.693083
0.692912
0.693226
0.693178
0.69322
0.693039
0.693101
0.693169
0.692985
0.692845
0.693004
0.692729
0.693064
0.693602
0.692999
0.693572
0.693596
0.692654
0.69358
0.693637
0.693446
0.692787
0.693108
0.692805
0.693183
0.693417
0.693208
0.693046
0.692792
0.693122
0.693039
0.693569
0.693107
0.693677
0.692854
0.69311
0.692777
0.69355
0.693136
0.693179
0.693003
0.693285
0.693224
0.69267
0.693459
0.692742
0.69219
0.692759
0.693596
0.693229
0.692883
0.693292
0.693346
0.69327
0.692882
0.69273
0.693281
0.69297
0.692462
0.692942
0.692736
0.693064
0.693117
0.692955
0.693104
0.693072
0.69279
0.693183
0.693105
0.693565
0.692751
0.693358
0.692746
0.6927
0.69273
0.693404
0.69308
0.693298
0.693194
0.693295
0.693452
0.692994
0.693856
0.693506
0.693072
0.693163
0.693367
0.693362
0.692666
0.693794
0.69383
0.693222
0.693487
0.692998
0.693176
0.693003
0.693143
0.693111
0.692949
0.693127
0.69312
0.693627
0.693795
0.693277
0.692888
0.693413
0.693036
0.693663
0.692924
0.693416
0.693431
0.693205
0.692782
0.693055
0.692906
0.692872
0.693505
0.692722
0.693431
0.693395
0.693349
0.692711
0.693095
0.693554
0.693224
0.693515
0.693486
0.69346
0.693141
0.693074
0.693051
0.692959
0.693256
0.69355
0.693192
0.693048
0.693638
0.693464
0.693553
0.693113
0.692436
0.692862
0.6931
0.693104
0.69333
0.693412
0.692834
0.69299
0.693465
0.693266
0.693248
0.692801
0.69297
0.693271
0.69288
0.693418
0.693615
0.693348
0.693158
0.692874
0.692901
0.693216
0.692736
0.692979
0.693246
0.692742
0.693011
0.693754
0.69364
0.69315
0.69299
0.693098
0.693548
0.693571
0.693567
0.693432
0.693437
0.693005
0.693566
0.693263
0.693175
0.693481
0.69327
0.693249
0.693114
0.693188
0.693223
0.693264
0.693139
0.693052
0.692705
0.692513
0.693714
0.69292
0.693679
0.693302
0.692704
0.693202
0.692813
0.693325
0.693101
0.693639
0.692932
0.693089
0.693102
0.693036
0.69279
0.693043
0.692975
0.693029
0.692856
0.693039
0.693133
0.693288
0.693318
0.693111
0.693033
0.692976
0.693065
0.693883
0.693259
0.69351
0.693592
0.692986
0.693912
0.692799
0.692964
0.693351
0.69375
0.692957
0.693327
0.69271
0.693325
0.693242
0.693353
0.693696
0.692985
0.693114
0.693801
0.693196
0.692808
0.693507
0.693242
0.693278
0.693318
0.693221
0.693033
0.692856
0.693419
0.693177
0.693562
0.692606
0.692883
0.693494
0.693034
0.693006
0.693503
0.693629
0.693577
0.692803
0.69288
0.693266
0.69343
0.693239
0.692951
0.693346
0.69286
0.693328
0.692611
0.693254
0.693064
0.693339
0.692979
0.693166
0.693743
0.692911
0.692981
0.692935
0.693387
0.69316
0.693157
0.693624
0.693902
0.692941
0.693001
0.693453
0.693294
0.693003
0.693387
0.692776
0.693182
0.693688
0.693256
0.693495
0.693564
0.693154
0.693031
0.692862
0.693613
0.693494
0.693258
0.693332
0.693858
0.693918
0.692945
0.693404
0.69361
0.693325
0.693434
0.693184
0.693305
0.693491
0.693367
0.693584
0.69262
0.693033
0.692969
0.693112
0.693793
0.692928
0.69324
0.693478
0.69299
0.693445
0.692508
0.692911
0.69294
0.693285
0.69302
0.693355
0.693709
0.693188
0.693418
0.693315
0.692901
0.692994
0.692678
0.69325
0.693305
0.693175
0.693115
0.692855
0.692945
0.692963
0.693292
0.692532
0.692511
0.693089
0.692248
0.693106
0.693001
0.693601
0.693145
0.693015
0.692849
0.69349
0.693206
0.693142
0.693008
0.69292
0.693194
0.693507
0.693191
0.693368
0.693548
0.693345
0.693066
0.693656
0.693226
0.692989
0.693547
0.69361
0.693754
0.693168
0.693409
0.69298
0.693417
0.693153
0.69317
0.69318
0.693104
0.693268
0.692552
0.693315
0.69347
0.693196
0.692995
0.694016
0.693186
0.692602
0.693572
0.693255
0.692923
0.693099
0.693492
0.693797
0.692858
0.693166
0.692733
0.693346
0.693336
0.692466
0.693
0.693156
0.693301
0.69301
0.692886
0.693347
0.692966
0.693401
0.693249
0.693123
0.692715
0.692888
0.693324
0.693333
0.693267
0.693662
0.69375
0.692896
0.693174
0.693401
0.692881
0.693141
0.693199
0.692765
0.693395
0.693323
0.693282
0.693429
0.693297
0.692538
0.693054
0.693341
0.69338
0.693569
0.693011
0.693436
0.692672
0.693284
0.693138
0.692851
0.692901
0.69311
0.692668
0.693146
0.693151
0.693177
0.693068
0.693464
0.693232
0.693107
0.693189
0.692544
0.692806
0.693013
0.69349
0.693151
0.693053
0.693457
0.693178
0.692972
0.693129
0.693038
0.693089
0.693096
0.69297
0.693413
0.69321
0.693627
0.693076
0.692874
0.692758
0.69318
0.692371
0.692669
0.693147
0.692442
0.693468
0.693453
0.693101
0.693376
0.693148
0.69304
0.693184
0.693624
0.693283
0.693083
0.693049
0.693057
0.693209
0.69308
0.69315
0.692981
0.692428
0.692929
0.692885
0.692839
0.692905
0.693066
0.692999
0.692866
0.693363
0.693484
0.693186
0.693097
0.693915
0.693332
0.693026
0.692851
0.693138
0.693095
0.693681
0.69334
0.692908
0.693382
0.693091
0.692912
0.693464
0.692945
0.693291
0.69287
0.693326
0.69349
0.693112
0.693291
0.693461
0.693207
0.693244
0.693088
0.69288
0.69289
0.692881
0.693189
0.693415
0.69307
0.693533
0.693138
0.692847
0.692889
0.693186
0.69291
0.692862
0.693415
0.693174
0.693476
0.693761
0.693476
0.693927
0.692785
0.692742
0.693529
0.692974
0.692913
0.693426
0.693216
0.693177
0.693183
0.69312
0.693435
0.692946
0.693534
0.692766
0.693554
0.692512
0.692755
0.693444
0.693392
0.693563
0.692919
0.692862
0.692743
0.693255
0.693305
0.693705
0.692974
0.693142
0.693182
0.692821
0.692992
0.693301
0.693611
0.693056
0.692901
0.693201
0.69321
0.693311
0.693258
0.69303
0.693101
0.693382
0.692878
0.693065
0.693548
0.693355
0.693184
0.692589
0.693186
0.693425
0.693434
0.692906
0.693265
0.693254
0.693182
0.69302
0.693703
0.69267
0.693486
0.693211
0.692645
0.693441
0.693231
0.693241
0.693042
0.693432
0.69315
0.692682
0.693509
0.693093
0.693321
0.693224
0.69377
0.692907
0.693607
0.693269
0.693467
0.692955
0.693574
0.69308
0.69316
0.692995
0.692363
0.693457
0.693797
0.693211
0.692797
0.69276
0.693288
0.693265
0.693495
0.692925
0.693616
0.69329
0.693124
0.693628
0.693139
0.693091
0.693176
0.693169
0.693129
0.693151
0.69262
0.692962
0.692999
0.693182
0.69296
0.69309
0.693321
0.693537
0.692625
0.693379
0.693461
0.693221
0.693776
0.693891
0.693285
0.693224
0.693267
0.693038
0.693019
0.693211
0.692926
0.693147
0.692761
0.693333
0.693292
0.692548
0.693291
0.693233
0.69285
0.693056
0.693426
0.693099
0.692672
0.693297
0.693408
0.69292
0.693237
0.693068
0.693342
0.693143
0.692854
0.693115
0.693277
0.69329
0.69245
0.693216
0.693385
0.693388
0.693129
0.693089
0.693143
0.693069
0.693151
0.693398
0.692788
0.693387
0.693473
0.69345
0.693352
0.693539
0.693449
0.6936
0.693961
0.693149
0.693247
0.693378
0.693093
0.693314
0.693656
0.69356
0.693033
0.693318
0.69346
0.693373
0.693011
0.692941
0.692962
0.693569
0.693085
0.693229
0.693103
0.692928
0.693064
0.692926
0.693119
0.69329
0.693295
0.693385
0.692894
0.692755
0.693124
0.693492
0.693193
0.693222
0.692768
0.693021
0.69279
0.693147
0.692899
0.692991
0.693119
0.693334
0.693122
0.693389
0.693717
0.693277
0.693354
0.69282
0.692846
0.693043
0.693432
0.692864
0.692718
0.693347
0.692962
0.693289
0.693198
0.693738
0.693768
0.693642
0.69347
0.693737
0.693872
0.693422
0.693348
0.693056
0.693158
0.692647
0.693085
0.693008
0.692935
0.692844
0.692643
0.693027
0.693287
0.692556
0.693552
0.693494
0.69285
0.693417
0.693542
0.693278
0.693198
0.693221
0.69258
0.692942
0.693513
0.693591
0.693298
0.693026
0.692624
0.69302
0.692958
0.693119
0.693064
0.693336
0.693296
0.693169
0.69311
0.692979
0.693139
0.692987
0.692534
0.692903
0.69309
0.693269
0.693202
0.693202
0.69279
0.692483
0.693202
0.692678
0.693062
0.693361
0.692942
0.692659
0.692686
0.692989
0.693838
0.693356
0.693307
0.692717
0.693422
0.693121
0.692888
0.693536
0.693147
0.693202
0.693106
0.692947
0.693006
0.693169
0.693527
0.693591
0.693345
0.693161
0.692805
0.693552
0.693618
0.692997
0.692952
0.69272
0.692598
0.692864
0.69288
0.693303
0.692938
0.693469
0.693324
0.693289
0.693049
0.69342
0.693152
0.693129
0.693332
0.69272
0.692881
0.692838
0.693166
0.692941
0.693619
0.692771
0.693117
0.693111
0.692725
0.69297
0.692751
0.693043
0.69288
0.693132
0.693179
0.692919
0.692742
0.692892
0.692939
0.693171
0.692731
0.692839
0.692925
0.693137
0.693213
0.693646
0.693276
0.693125
0.692859
0.692778
0.692953
0.693625
0.693131
0.693401
0.693146
0.693562
0.692989
0.693436
0.693475
0.692992
0.693158
0.692983
0.692885
0.693426
0.693363
0.693536
0.693101
0.693362
0.693111
0.69304
0.693344
0.692918
0.693746
0.693011
0.69297
0.693087
0.693296
0.693315
0.693493
0.693336
0.693211
0.693476
0.692942
0.693036
0.693296
0.693689
0.693906
0.692714
0.692797
0.693328
0.693368
0.69305
0.693048
0.693068
0.693603
0.692944
0.693017
0.692801
0.693271
0.693155
0.693395
0.693579
0.692909
0.692663
0.693098
0.693029
0.692946
0.693791
0.69271
0.692674
0.693293
0.693424
0.69283
0.692964
0.693236
0.692802
0.692873
0.693355
0.692626
0.693158
0.693792
0.693274
0.692456
0.693261
0.692933
0.693173
0.693012
0.693397
0.693247
0.693212
0.693013
0.693501
0.693424
0.693412
0.692975
0.693397
0.692973
0.692875
0.692866
0.693472
0.692835
0.693247
0.693223
0.693448
0.693421
0.692906
0.693461
0.693129
0.692981
0.693407
0.693069
0.692957
0.692986
0.693145
0.693517
0.692954
0.692758
0.693251
0.693192
0.693134
0.693077
0.692978
0.692894
0.693288
0.693406
0.69288
0.693438
0.693591
0.692859
0.692836
0.692639
0.692853
0.692682
0.693155
0.692898
0.693369
0.692576
0.692592
0.6933
0.693031
0.692906
0.692938
0.693002
0.693287
0.692948
0.693109
0.69307
0.693216
0.692863
0.692668
0.692846
0.693479
0.692984
0.692778
0.692946
0.69325
0.692902
0.693277
0.692801
0.693316
0.693086
0.692699
0.69306
0.693409
0.69263
0.692942
0.692966
0.69293
0.692902
0.693157
0.693362
0.692967
0.693268
0.692572
0.693217
0.693681
0.693222
0.692927
0.693323
0.693299
0.693148
0.69274
0.692994
0.692514
0.692955
0.693165
0.693386
0.692889
0.692834
0.692867
0.693619
0.692997
0.693147
0.692539
0.693113
0.692872
0.692985
0.693317
0.692748
0.692951
0.692744
0.693338
0.693171
0.693061
0.693538
0.693159
0.6933
0.692922
0.693201
0.692909
0.693586
0.693144
0.693243
0.693424
0.693425
0.693025
0.692736
0.693539
0.693217
0.693432
0.693252
0.693398
0.693013
0.693042
0.692856
0.693665
0.693522
0.692935
0.692361
0.693109
0.69297
0.693591
0.692688
0.693414
0.693023
0.693292
0.692797
0.693625
0.693006
0.693549
0.693316
0.692921
0.693248
0.693097
0.693202
0.693219
0.693137
0.693147
0.692658
0.693267
0.692894
0.693308
0.692735
0.69301
0.692548
0.692818
0.693352
0.693632
0.692735
0.693349
0.693231
0.693306
0.693404
0.692992
0.693561
0.692816
0.693188
0.693066
0.693016
0.693033
0.693273
0.693034
0.6934
0.693165
0.692896
0.693228
0.693157
0.693054
0.692501
0.692899
0.693064
0.693486
0.693151
0.692942
0.692712
0.692903
0.693365
0.693107
0.69253
0.693161
0.693096
0.693083
0.693479
0.693149
0.693015
0.692725
0.692999
0.693341
0.693011
0.693523
0.693837
0.69353
0.694049
0.693071
0.693031
0.692838
0.693654
0.693306
0.69296
0.693111
0.693408
0.693571
0.693507
0.693332
0.692647
0.69283
0.693083
0.692849
0.693295
0.692979
0.693155
0.693342
0.693959
0.693288
0.692819
0.692857
0.693466
0.692724
0.693601
0.693222
0.693204
0.692924
0.693573
0.693222
0.692937
0.693153
0.693309
0.693204
0.692936
0.692787
0.693024
0.693124
0.692431
0.692982
0.692805
0.692767
0.692621
0.692962
0.693495
0.693558
0.692839
0.693329
0.693202
0.693382
0.692883
0.693449
0.693241
0.693358
0.693356
0.693075
0.693352
0.69328
0.693323
0.692789
0.693062
0.693001
0.693191
0.692984
0.693519
0.693294
0.693164
0.693103
0.693016
0.693534
0.69302
0.692907
0.692894
0.692945
0.69319
0.693316
0.693237
0.693113
0.693215
0.69282
0.693512
0.692981
0.693301
0.69301
0.693478
0.693253
0.693192
0.693003
0.692668
0.69316
0.692699
0.693066
0.692837
0.693361
0.693553
0.6931
0.693551
0.693348
0.69322
0.693584
0.693317
0.693556
0.693035
0.692904
0.693097
0.693143
0.693371
0.694093
0.693334
0.693424
0.693412
0.693168
0.693152
0.69294
0.693119
0.692832
0.693484
0.693066
0.692973
0.693227
0.69291
0.69364
0.693718
0.69341
0.693395
0.69333
0.69331
0.692696
0.692915
0.693482
0.693369
0.693541
0.692949
0.692617
0.693564
0.693059
0.693388
0.693616
0.69372
0.692354
0.694049
0.692994
0.693201
0.693514
0.692876
0.69271
0.692594
0.693297
0.693169
0.693015
0.693603
0.693138
0.693039
0.692606
0.692886
0.692923
0.693599
0.693252
0.693195
0.693678
0.693202
0.693357
0.693077
0.693372
0.692853
0.693466
0.692849
0.693555
0.693031
0.692996
0.693094
0.693422
0.693063
0.692989
0.692629
0.692357
0.693304
0.693135
0.693006
0.692838
0.693778
0.693811
0.693358
0.693482
0.693525
0.693579
0.692835
0.69282
0.693159
0.692878
0.693374
0.692624
0.693525
0.693075
0.692909
0.693304
0.692624
0.69293
0.693241
0.693358
0.693051
0.693395
0.693418
0.69324
0.693198
0.693783
0.693504
0.692593
0.693123
0.69348
0.692956
0.692706
0.693186
0.693292
0.693296
0.693043
0.693165
0.692786
0.692889
0.692772
0.69305
0.692423
0.693396
0.692809
0.693105
0.692718
0.693101
0.693532
0.693034
0.692348
0.693363
0.693339
0.692868
0.692927
0.693336
0.693776
0.69355
0.693301
0.693051
0.693789
0.692952
0.693328
0.692836
0.693475
0.692658
0.692481
0.692769
0.693755
0.693466
0.69248
0.693236
0.693331
0.693012
0.692895
0.693012
0.692995
0.692971
0.693462
0.69316
0.693199
0.693658
0.693225
0.693644
0.693583
0.693762
0.69323
0.692998
0.69332
0.69387
0.693082
0.693039
0.693115
0.693018
0.693703
0.693062
0.693202
0.693124
0.692876
0.693373
0.692944
0.693293
0.693006
0.692865
0.69306
0.693833
0.692929
0.69325
0.692885
0.693057
0.692931
0.692828
0.693468
0.693389
0.693465
0.693577
0.693076
0.693336
0.693223
0.69311
0.692631
0.693695
0.692964
0.692414
0.692773
0.693393
0.692936
0.692653
0.693365
0.693307
0.693701
0.693504
0.693068
0.692772
0.69302
0.692889
0.69317
0.693054
0.693358
0.693186
0.693129
0.693292
0.692914
0.693423
0.692751
0.693503
0.693316
0.693266
0.693675
0.693343
0.692627
0.692832
0.693079
0.692951
0.693437
0.693007
0.693623
0.693035
0.69312
0.693015
0.692936
0.692991
0.693045
0.69328
0.693284
0.693042
0.693338
0.693343
0.693213
0.693237
0.693109
0.69294
0.693277
0.692966
0.693763
0.693727
0.692691
0.693401
0.693356
0.692992
0.692897
0.693349
0.693013
0.692925
0.693083
0.693332
0.693024
0.692967
0.693177
0.693298
0.692777
0.693056
0.69353
0.693372
0.693128
0.692989
0.692622
0.69332
0.693673
0.693226
0.692816
0.692964
0.692999
0.693106
0.692669
0.693137
0.693318
0.693001
0.693226
0.693697
0.692847
0.692354
0.693191
0.693643
0.693245
0.693323
0.693099
0.693036
0.693644
0.692825
0.693564
0.693227
0.693179
0.693341
0.693321
0.693215
0.692931
0.693245
0.69355
0.693079
0.693259
0.6933
0.69324
0.693459
0.693495
0.693147
0.693166
0.69295
0.692952
0.693378
0.693079
0.693106
0.69317
0.693172
0.692925
0.692872
0.692922
0.693438
0.693238
0.693246
0.693283
0.693276
0.693516
0.693213
0.693253
0.692649
0.693346
0.69331
0.693192
0.693166
0.69267
0.693447
0.693096
0.693163
0.693121
0.693016
0.692755
0.693703
0.692616
0.692977
0.693204
0.693541
0.693726
0.693013
0.693478
0.693447
0.693526
0.693327
0.693658
0.692948
0.693167
0.693382
0.692635
0.693388
0.693278
0.693266
0.693272
0.692841
0.693086
0.693039
0.693111
0.692922
0.693195
0.693136
0.693087
0.693321
0.693215
0.693037
0.693331
0.693087
0.692956
0.692737
0.693018
0.693246
0.693742
0.693285
0.69285
0.693118
0.693339
0.693064
0.693126
0.69347
0.693323
0.692952
0.693032
0.6932
0.69274
0.693219
0.693476
0.692738
0.692824
0.693377
0.693124
0.693673
0.693007
0.693345
0.693289
0.693148
0.692764
0.693618
0.692991
0.693637
0.693178
0.693292
0.693113
0.693071
0.69348
0.69354
0.693644
0.692922
0.692976
0.693275
0.693034
0.693172
0.693115
0.693146
0.693458
0.692474
0.693045
0.693666
0.693483
0.693355
0.693269
0.692966
0.693042
0.693167
0.692828
0.693512
0.69267
0.693329
0.692703
0.692889
0.693561
0.693351
0.693254
0.693078
0.693395
0.692418
0.693026
0.693148
0.69352
0.693506
0.692971
0.6931
0.693083
0.693244
0.693497
0.6931
0.693251
0.69363
0.693001
0.692749
0.69272
0.692766
0.692674
0.693502
0.692751
0.6932
0.693331
0.692991
0.69313
0.693467
0.693387
0.693426
0.693635
0.693465
0.693125
0.693288
0.693457
0.69356
0.692739
0.692742
0.693513
0.693021
0.693494
0.692994
0.69352
0.69321
0.693438
0.693525
0.693412
0.693248
0.693314
0.693172
0.693324
0.693401
0.693187
0.693147
0.693059
0.69282
0.693338
0.692948
0.693303
0.693183
0.69343
0.693445
0.693148
0.693024
0.693404
0.692975
0.692939
0.69335
0.693157
0.692797
0.693015
0.693218
0.693041
0.692985
0.693415
0.69254
0.693472
0.693253
0.69335
0.692633
0.69286
0.693679
0.69281
0.692979
0.693638
0.693465
0.69296
0.69327
0.693005
0.692755
0.692849
0.69344
0.693551
0.69291
0.693209
0.693027
0.69292
0.693556
0.692747
0.693059
0.693459
0.693084
0.69283
0.692713
0.693348
0.693497
0.6936
0.693218
0.693517
0.693255
0.693744
0.693651
0.693026
0.692948
0.693691
0.692761
0.693988
0.693253
0.693349
0.693287
0.69315
0.69328
0.693232
0.693018
0.693256
0.693888
0.693342
0.692668
0.692976
0.693447
0.693137
0.692984
0.693201
0.693184
0.693078
0.692955
0.693284
0.693327
0.693154
0.692715
0.693163
0.693332
0.69313
0.692924
0.693009
0.693018
0.692839
0.692756
0.693378
0.693616
0.692786
0.693147
0.693358
0.693227
0.692951
0.693402
0.693084
0.693789
0.693338
0.693252
0.692786
0.693573
0.692861
0.692981
0.693126
0.693304
0.692946
0.692308
0.69303
0.693521
0.693324
0.693033
0.6932
0.692304
0.693682
0.692739
0.693398
0.692775
0.693326
0.693355
0.693656
0.693797
0.693298
0.693308
0.693091
0.69334
0.693218
0.692632
0.692703
0.692828
0.693676
0.693261
0.692857
0.692957
0.693401
0.693638
0.692667
0.692863
0.693069
0.693317
0.692707
0.693205
0.69313
0.693959
0.692905
0.693374
0.693235
0.693413
0.693132
0.693254
0.693584
0.693339
0.693629
0.693031
0.693157
0.693134
0.693161
0.693162
0.692916
0.693558
0.69251
0.693316
0.693564
0.693273
0.693543
0.693342
0.693461
0.692932
0.692901
0.693163
0.693271
0.693035
0.693166
0.692938
0.693055
0.692964
0.693103
0.693276
0.693578
0.693514
0.693297
0.69295
0.692687
0.692972
0.692918
0.693515
0.693254
0.693271
0.692723
0.693201
0.693048
0.693165
0.693118
0.693221
0.693026
0.692845
0.693392
0.692897
0.692973
0.69327
0.692875
0.692632
0.692941
0.692605
0.693158
0.693313
0.693431
0.69323
0.693321
0.69283
0.693134
0.693089
0.693023
0.693202
0.69331
0.692933
0.693428
0.693223
0.692859
0.693183
0.69306
0.692974
0.69337
0.692969
0.693361
0.692725
0.693058
0.693267
0.693027
0.693065
0.693428
0.692895
0.692827
0.69313
0.69339
0.692607
0.692815
0.694119
0.693443
0.692914
0.693192
0.693025
0.69304
0.69327
0.693581
0.693065
0.693313
0.692811
0.692901
0.693006
0.692851
0.692646
0.692916
0.69337
0.693416
0.69331
0.693634
0.693084
0.692846
0.693021
0.693199
0.693603
0.692922
0.69317
0.693075
0.693507
0.693592
0.693116
0.692935
0.693392
0.692958
0.693019
0.693272
0.693332
0.692667
0.693118
0.692973
0.692978
0.69278
0.693123
0.693377
0.69389
0.693069
0.692594
0.693539
0.69394
0.693538
0.693468
0.693345
0.693003
0.693141
0.693091
0.69296
0.693267
0.693254
0.692627
0.693145
0.693286
0.693487
0.69365
0.692979
0.6932
0.693146
0.693227
0.692791
0.693211
0.692977
0.692594
0.693195
0.69289
0.693073
0.69272
0.6926
0.693395
0.693277
0.693484
0.693025
0.693133
0.693543
0.69329
0.69323
0.693192
0.693295
0.693122
0.693324
0.693813
0.693288
0.693107
0.693112
0.693192
0.693385
0.693843
0.693264
0.693727
0.693476
0.693411
0.692875
0.693293
0.693481
0.693091
0.6932
0.693282
0.69312
0.692761
0.693577
0.693009
0.693604
0.693034
0.692982
0.693037
0.693339
0.693539
0.693258
0.693294
0.6935
0.692962
0.692935
0.692628
0.693377
0.693116
0.6929
0.692836
0.693085
0.693156
0.693477
0.693178
0.693003
0.693369
0.693128
0.693393
0.693656
0.693953
0.693452
0.692975
0.693449
0.693481
0.692731
0.692886
0.693586
0.693294
0.69361
0.692747
0.693283
0.69362
0.69319
0.693577
0.693153
0.693056
0.693545
0.693307
0.692669
0.693325
0.692603
0.69324
0.693049
0.693138
0.69358
0.693214
0.693568
0.693405
0.69305
0.693216
0.693248
0.69338
0.693154
0.693498
0.692887
0.693168
0.69293
0.69314
0.692511
0.693378
0.69252
0.693083
0.693528
0.693728
0.692811
0.693229
0.693318
0.693286
0.693366
0.692998
0.693062
0.693058
0.693288
0.692678
0.692665
0.693351
0.692804
0.693022
0.693319
0.692981
0.693238
0.693613
0.693385
0.693254
0.692841
0.693523
0.692898
0.693242
0.693232
0.693359
0.693435
0.693163
0.69294
0.693461
0.69277
0.693959
0.693115
0.693072
0.693325
0.693048
0.693028
0.692806
0.693372
0.693161
0.693421
0.693325
0.693245
0.692956
0.692918
0.693674
0.693118
0.693397
0.692554
0.692862
0.692919
0.693145
0.69346
0.69298
0.692968
0.692965
0.69315
0.692919
0.692909
0.693226
0.693375
0.693176
0.692868
0.693651
0.693555
0.693637
0.693058
0.692883
0.693235
0.692677
0.693469
0.693247
0.693808
0.69319
0.693014
0.693041
0.693066
0.692742
0.692913
0.692281
0.693168
0.692909
0.692891
0.693399
0.693327
0.692978
0.693457
0.693072
0.693768
0.693009
0.693048
0.692795
0.693362
0.693111
0.6928
0.693332
0.692877
0.693025
0.692341
0.693026
0.693326
0.693031
0.69312
0.693391
0.69291
0.692869
0.692691
0.693884
0.693767
0.692855
0.6932
0.692935
0.69298
0.692811
0.693392
0.69332
0.693111
0.693251
0.693033
0.693486
0.692866
0.69283
0.693047
0.693654
0.692986
0.693167
0.692722
0.693461
0.69312
0.692903
0.692448
0.693136
0.69344
0.693854
0.693007
0.693413
0.693526
0.693848
0.693328
0.693261
0.693715
0.693227
0.692917
0.693415
0.69324
0.693103
0.692952
0.693279
0.692956
0.69307
0.693102
0.693015
0.692877
0.692671
0.693384
0.692916
0.693215
0.693455
0.693512
0.692979
0.692737
0.69383
0.693099
0.693708
0.693344
0.693032
0.692944
0.693095
0.69285
0.693105
0.69313
0.692708
0.693462
0.693336
0.693217
0.693533
0.693141
0.692445
0.693197
0.692864
0.692989
0.693428
0.693624
0.693194
0.693634
0.692959
0.6931
0.693401
0.693569
0.693171
0.693094
0.693137
0.693056
0.693155
0.693115
0.693523
0.693277
0.693612
0.693793
0.693152
0.693498
0.693046
0.692854
0.692949
0.693267
0.693714
0.693053
0.693345
0.69273
0.693099
0.693591
0.693256
0.692798
0.693394
0.693827
0.692904
0.693425
0.693474
0.693657
0.693701
0.693804
0.693171
0.693775
0.692798
0.69355
0.693242
0.693436
0.693595
0.693513
0.693515
0.693119
0.69319
0.693205
0.692938
0.693514
0.69307
0.693474
0.692862
0.693533
0.693472
0.693409
0.6932
0.693384
0.693126
0.6936
0.693013
0.692916
0.693435
0.693467
0.693112
0.693399
0.693067
0.693074
0.693043
0.692942
0.693108
0.69292
0.693088
0.693244
0.693098
0.693529
0.692976
0.692759
0.693346
0.693335
0.693217
0.693394
0.693087
0.693443
0.693741
0.693422
0.692841
0.693049
0.692302
0.692512
0.693316
0.692931
0.693017
0.692912
0.693375
0.69317
0.693398
0.693537
0.693677
0.693188
0.692807
0.693189
0.693097
0.693295
0.692983
0.692845
0.693246
0.693011
0.693325
0.69329
0.693163
0.692984
0.693161
0.693323
0.693293
0.692861
0.693171
0.692689
0.693187
0.692763
0.693522
0.693886
0.693428
0.693284
0.69362
0.692818
0.693205
0.692996
0.69302
0.69252
0.693178
0.693031
0.693524
0.693653
0.693416
0.69305
0.693116
0.692706
0.692834
0.693608
0.693466
0.69362
0.692954
0.69266
0.693035
0.69289
0.693228
0.693127
0.693251
0.692702
0.69335
0.692943
0.692861
0.693066
0.693044
0.692638
0.69316
0.693287
0.692978
0.693412
0.69302
0.693675
0.693256
0.693451
0.693389
0.693285
0.692869
0.693347
0.692782
0.693247
0.693489
0.693189
0.693288
0.693113
0.693761
0.693047
0.693096
0.693007
0.693437
0.693066
0.693094
0.693068
0.69291
0.694158
0.693629
0.693511
0.693305
0.693139
0.693004
0.693419
0.693157
0.693028
0.692826
0.693201
0.693338
0.693802
0.693129
0.693421
0.69291
0.693697
0.692926
0.693015
0.693308
0.693036
0.69323
0.693097
0.693006
0.693003
0.692923
0.693138
0.692813
0.692637
0.693078
0.693311
0.6933
0.692928
0.6931
0.692945
0.693007
0.693036
0.692898
0.692948
0.693157
0.693009
0.69326
0.692451
0.692995
0.693313
0.693474
0.692873
0.693012
0.692915
0.692964
0.693383
0.693294
0.693189
0.693085
0.692997
0.693099
0.693188
0.692615
0.693031
0.693025
0.692751
0.693351
0.693397
0.692699
0.692599
0.69291
0.693009
0.693347
0.693081
0.692605
0.692917
0.693273
0.693293
0.693433
0.693078
0.693088
0.693316
0.693028
0.693063
0.693283
0.692749
0.692887
0.693192
0.693634
0.692681
0.692906
0.693289
0.692974
0.693623
0.692829
0.693117
0.692912
0.693151
0.693344
0.692652
0.693424
0.693153
0.693111
0.693364
0.692788
0.69309
0.693051
0.69311
0.693132
0.693724
0.693051
0.693219
0.692932
0.69302
0.692698
0.692268
0.693019
0.693117
0.693455
0.693704
0.693125
0.693103
0.692678
0.692557
0.692963
0.692842
0.693216
0.694181
0.693224
0.693802
0.693054
0.692607
0.693158
0.692664
0.693315
0.693136
0.693345
0.693426
0.69301
0.69327
0.693221
0.692533
0.69337
0.692844
0.692857
0.692868
0.693825
0.693241
0.693484
0.693008
0.692952
0.692892
0.693508
0.692948
0.693161
0.693715
0.693461
0.693141
0.69314
0.692513
0.692996
0.693149
0.692763
0.693281
0.69307
0.693053
0.692859
0.693046
0.693601
0.693683
0.692965
0.69304
0.692957
0.692929
0.693863
0.693494
0.693284
0.693384
0.693548
0.69298
0.692954
0.692772
0.693019
0.693233
0.693508
0.693041
0.692962
0.693486
0.693356
0.693245
0.693323
0.693017
0.692387
0.692914
0.693384
0.693719
0.693003
0.693334
0.693483
0.693722
0.693315
0.692968
0.693388
0.693056
0.693489
0.692976
0.692844
0.693084
0.693396
0.693171
0.693184
0.693256
0.692873
0.693012
0.692936
0.693118
0.692725
0.69284
0.692894
0.692901
0.69343
0.693101
0.693498
0.692985
0.693193
0.693138
0.692657
0.693275
0.69356
0.692599
0.692822
0.693275
0.693023
0.693276
0.693122
0.693015
0.693302
0.693242
0.693688
0.693167
0.69338
0.693529
0.693199
0.692881
0.693333
0.693168
0.693784
0.693138
0.693113
0.693037
0.692559
0.693477
0.693034
0.693208
0.693213
0.692936
0.693271
0.693308
0.693289
0.693312
0.693832
0.693204
0.693465
0.693043
0.693101
0.693173
0.693275
0.693955
0.693041
0.692923
0.692481
0.693192
0.693042
0.692918
0.692751
0.693264
0.69277
0.693177
0.693078
0.693605
0.693216
0.692995
0.693394
0.693202
0.69266
0.69318
0.693477
0.693514
0.693172
0.693352
0.693299
0.693299
0.693298
0.693506
0.692715
0.692629
0.693114
0.693499
0.693375
0.693621
0.692844
0.693268
0.693274
0.69262
0.692907
0.693276
0.693797
0.693361
0.693033
0.692439
0.692762
0.693118
0.69305
0.693069
0.693249
0.692739
0.693198
0.693115
0.693485
0.692966
0.693602
0.693343
0.693128
0.692852
0.693268
0.693027
0.69318
0.692835
0.692807
0.69267
0.693499
0.693408
0.693245
0.693089
0.693212
0.693275
0.693612
0.693263
0.693013
0.692869
0.693648
0.693441
0.693148
0.693345
0.692922
0.693416
0.693367
0.69288
0.693043
0.693082
0.693355
0.693679
0.693427
0.692846
0.693772
0.693068
0.693317
0.692651
0.692937
0.693189
0.693144
0.693283
0.693347
0.693163
0.692925
0.692397
0.692899
0.693406
0.693022
0.692668
0.693124
0.693037
0.693728
0.693328
0.693852
0.693512
0.693115
0.692942
0.693141
0.693583
0.693246
0.692978
0.692919
0.693636
0.692855
0.693362
0.692878
0.693229
0.693173
0.693314
0.693308
0.693487
0.693474
0.693074
0.692861
0.693475
0.693575
0.693199
0.692931
0.69289
0.693594
0.693046
0.692995
0.693006
0.693037
0.693364
0.693535
0.692502
0.692937
0.693118
0.693276
0.69313
0.693187
0.692622
0.693092
0.693516
0.69363
0.693417
0.693222
0.693442
0.693132
0.693207
0.693134
0.693024
0.693212
0.693493
0.69324
0.692616
0.692977
0.693441
0.693291
0.693538
0.692877
0.692988
0.692981
0.693025
0.692871
0.69362
0.69307
0.69334
0.692964
0.692941
0.692683
0.692947
0.692786
0.692892
0.693478
0.693669
0.69304
0.693156
0.693236
0.692808
0.692552
0.692688
0.693204
0.69307
0.693518
0.69246
0.692836
0.693145
0.693353
0.692909
0.692906
0.693219
0.693929
0.693444
0.693594
0.693213
0.69299
0.693008
0.692715
0.693088
0.693549
0.692893
0.693059
0.693536
0.692417
0.692882
0.693132
0.693031
0.69356
0.69339
0.69314
0.692596
0.693525
0.69311
0.693535
0.693235
0.693797
0.692994
0.692998
0.693957
0.693101
0.692879
0.69263
0.69291
0.693421
0.692948
0.693404
0.693581
0.693242
0.693517
0.693399
0.693847
0.693206
0.693165
0.693162
0.693046
0.692947
0.693237
0.693201
0.693507
0.693206
0.693716
0.692885
0.693018
0.693363
0.692792
0.693262
0.693477
0.693308
0.693162
0.693356
0.692787
0.6931
0.692889
0.693138
0.693282
0.693439
0.693103
0.693626
0.693148
0.692731
0.694259
0.693289
0.693296
0.692802
0.692788
0.693259
0.693504
0.693073
0.693401
0.693416
0.692918
0.692996
0.693411
0.693355
0.693845
0.693391
0.692926
0.69308
0.693153
0.693
0.69319
0.692976
0.692894
0.693541
0.693028
0.69334
0.692769
0.692915
0.692963
0.69346
0.693398
0.692594
0.692612
0.693321
0.693204
0.693378
0.693484
0.693146
0.693053
0.693051
0.693523
0.692982
0.693195
0.693234
0.693739
0.693262
0.693171
0.692937
0.693223
0.693802
0.693357
0.692899
0.693009
0.692781
0.693433
0.693122
0.693088
0.693262
0.693545
0.692925
0.69285
0.693589
0.693305
0.693017
0.693395
0.693468
0.69364
0.693225
0.693622
0.693827
0.693344
0.692954
0.692427
0.692905
0.693183
0.69278
0.692145
0.693208
0.69283
0.69279
0.693517
0.693295
0.693026
0.693485
0.692743
0.693007
0.693193
0.693378
0.693637
0.69326
0.693361
0.693095
0.69324
0.693115
0.693196
0.693138
0.692449
0.692995
0.693584
0.693423
0.693232
0.693253
0.693251
0.693782
0.693071
0.692781
0.693033
0.693321
0.693539
0.693423
0.692778
0.693286
0.693441
0.693181
0.693643
0.693232
0.69305
0.692984
0.693092
0.692636
0.693152
0.693278
0.692676
0.693106
0.692783
0.693517
0.693324
0.693137
0.693373
0.69292
0.693108
0.693432
0.693172
0.693546
0.693304
0.692659
0.693122
0.692756
0.693131
0.693337
0.693474
0.692968
0.692854
0.69257
0.692827
0.693156
0.693183
0.692782
0.693244
0.693417
0.693058
0.693439
0.693792
0.693553
0.693529
0.693059
0.693184
0.692898
0.693434
0.693212
0.692855
0.69286
0.693248
0.692587
0.693067
0.693137
0.693401
0.692535
0.693218
0.693608
0.693332
0.692391
0.693332
0.693263
0.69303
0.692795
0.692387
0.693298
0.69327
0.69305
0.6927
0.693229
0.693075
0.6928
0.693057
0.692945
0.692911
0.693128
0.693377
0.693059
0.692995
0.692974
0.693353
0.693089
0.693327
0.69366
0.693094
0.692877
0.693135
0.693129
0.693213
0.692547
0.692462
0.693113
0.6929
0.692446
0.692256
0.693176
0.692917
0.693326
0.693021
0.693395
0.693097
0.693524
0.693521
0.693563
0.693329
0.693132
0.69327
0.693296
0.693149
0.692962
0.693344
0.693163
0.693231
0.693704
0.693132
0.692757
0.693302
0.69325
0.692906
0.693058
0.693396
0.692877
0.69298
0.693298
0.693065
0.693544
0.692853
0.692864
0.692874
0.693464
0.69338
0.693177
0.693082
0.692988
0.693023
0.693137
0.693071
0.693211
0.69343
0.693039
0.693284
0.693148
0.693074
0.693279
0.692886
0.693005
0.693234
0.693015
0.692905
0.69342
0.693377
0.693172
0.693027
0.692874
0.6928
0.692744
0.693405
0.692505
0.693023
0.693093
0.693044
0.692982
0.693013
0.693038
0.69295
0.692964
0.693322
0.693036
0.692725
0.693232
0.693176
0.692905
0.693102
0.692643
0.69331
0.693292
0.693396
0.692941
0.693056
0.692947
0.6928
0.692898
0.692785
0.693427
0.693318
0.693845
0.692971
0.693189
0.692506
0.692567
0.693184
0.693087
0.693252
0.693764
0.693276
0.693424
0.69322
0.693238
0.693353
0.693153
0.693128
0.693579
0.693362
0.692895
0.692921
0.693128
0.692945
0.692981
0.692984
0.693355
0.693227
0.692813
0.692869
0.693011
0.693624
0.693063
0.693079
0.69324
0.692837
0.693058
0.693195
0.693094
0.692786
0.692993
0.6933
0.693131
0.69289
0.693137
0.692781
0.693289
0.693305
0.692965
0.6928
0.693214
0.693744
0.692952
0.693473
0.693173
0.693466
0.693107
0.693412
0.692621
0.693241
0.692464
0.693111
0.692757
0.69262
0.692909
0.693375
0.692971
0.693433
0.693012
0.6927
0.693184
0.693258
0.692844
0.693174
0.693311
0.692938
0.693251
0.693212
0.693326
0.692773
0.692665
0.693102
0.693111
0.693282
0.692769
0.693447
0.693148
0.693223
0.692976
0.692436
0.692769
0.692668
0.693055
0.69341
0.692544
0.693433
0.693733
0.693163
0.693383
0.69311
0.692678
0.69285
0.693357
0.692623
0.692955
0.692856
0.692958
0.692978
0.693258
0.692668
0.693163
0.693619
0.693139
0.692882
0.693705
0.692681
0.693128
0.6932
0.693463
0.692977
0.692739
0.693064
0.692954
0.693103
0.692478
0.693277
0.693132
0.693043
0.693866
0.693134
0.693306
0.692999
0.692841
0.693564
0.693625
0.693181
0.692419
0.693143
0.693314
0.693223
0.692384
0.693462
0.693264
0.693139
0.693418
0.692939
0.693783
0.693208
0.693534
0.693255
0.693744
0.693165
0.693436
0.69309
0.693276
0.693395
0.693157
0.692896
0.69283
0.69341
0.693233
0.693182
0.693824
0.692935
0.693046
0.693407
0.693031
0.693038
0.693366
0.693755
0.693587
0.693506
0.693406
0.693781
0.693379
0.693368
0.692705
0.692807
0.693169
0.69269
0.692948
0.693255
0.693277
0.693456
0.692954
0.693412
0.693573
0.693403
0.692958
0.693084
0.692493
0.692816
0.692694
0.693124
0.693111
0.693348
0.693258
0.692836
0.69359
0.693428
0.692723
0.692501
0.693896
0.692923
0.693104
0.693243
0.693094
0.692951
0.693047
0.692764
0.692782
0.692567
0.692672
0.693117
0.693464
0.693176
0.693703
0.693019
0.693332
0.693476
0.692761
0.693133
0.693585
0.693321
0.693419
0.693516
0.693652
0.692959
0.692788
0.693074
0.692835
0.693236
0.692843
0.692984
0.693158
0.693352
0.692859
0.693632
0.692968
0.693023
0.693132
0.693163
0.693345
0.69333
0.693348
0.692934
0.693349
0.692948
0.693406
0.693103
0.693384
0.692977
0.692685
0.693413
0.692868
0.692751
0.693395
0.693187
0.693059
0.693249
0.692578
0.692963
0.692812
0.693545
0.692888
0.693509
0.693104
0.693079
0.692915
0.692976
0.693185
0.692548
0.693093
0.693079
0.693545
0.692693
0.693612
0.692978
0.692787
0.693098
0.693083
0.693058
0.693504
0.692871
0.693099
0.69291
0.693292
0.693399
0.693279
0.692925
0.693234
0.692869
0.692768
0.693326
0.693738
0.692783
0.693122
0.693194
0.693445
0.693036
0.693141
0.69362
0.69343
0.693128
0.693004
0.693829
0.693358
0.692985
0.693407
0.693373
0.69325
0.693038
0.693257
0.693424
0.69371
0.693446
0.692808
0.693891
0.69323
0.692721
0.692395
0.692818
0.693567
0.693149
0.693178
0.693206
0.693069
0.693461
0.693672
0.693548
0.692957
0.692594
0.693149
0.693138
0.693116
0.693364
0.693072
0.693765
0.69323
0.693176
0.693063
0.693625
0.693389
0.693798
0.693042
0.693239
0.6932
0.693671
0.693457
0.693643
0.693353
0.693521
0.693918
0.692924
0.693046
0.693068
0.693317
0.692895
0.693241
0.693253
0.69311
0.693191
0.693147
0.692764
0.692646
0.693148
0.693389
0.692883
0.693353
0.69319
0.693136
0.693399
0.692744
0.692972
0.692963
0.693113
0.69298
0.693151
0.693447
0.693421
0.693006
0.692757
0.692881
0.692902
0.692857
0.693425
0.692933
0.693029
0.692907
0.692836
0.6937
0.693469
0.693037
0.693347
0.69291
0.693094
0.692976
0.693011
0.693088
0.693089
0.693179
0.693357
0.69367
0.693003
0.693573
0.692946
0.693318
0.693106
0.693362
0.693517
0.693342
0.693432
0.692937
0.692978
0.693416
0.693248
0.693297
0.692369
0.693097
0.693303
0.693079
0.693261
0.693111
0.692703
0.693104
0.693377
0.692816
0.693629
0.693282
0.693461
0.693106
0.693747
0.692957
0.69336
0.693549
0.693279
0.693486
0.693207
0.693007
0.693022
0.693312
0.693437
0.693487
0.692731
0.69288
0.692896
0.692535
0.692967
0.692603
0.692684
0.693077
0.693089
0.693231
0.693211
0.693373
0.693095
0.693389
0.693218
0.693678
0.693435
0.692594
0.693522
0.693018
0.692933
0.693006
0.692867
0.693572
0.692697
0.692811
0.692971
0.692833
0.692849
0.692819
0.693578
0.692954
0.692598
0.692928
0.693401
0.692958
0.693078
0.693298
0.693194
0.693058
0.69329
0.693346
0.69293
0.6932
0.693687
0.693246
0.693031
0.692752
0.693068
0.693164
0.693506
0.693218
0.69274
0.692506
0.693713
0.693407
0.694025
0.692811
0.692709
0.693169
0.693196
0.692649
0.692779
0.692976
0.693337
0.693493
0.692647
0.693077
0.692681
0.692906
0.693178
0.692713
0.693191
0.692739
0.693218
0.693058
0.693399
0.692911
0.69297
0.693084
0.693023
0.693566
0.692918
0.69303
0.693057
0.693541
0.692934
0.692496
0.692549
0.693219
0.693202
0.693099
0.692806
0.693805
0.692829
0.69262
0.693078
0.693076
0.692921
0.693472
0.693566
0.693345
0.693818
0.693277
0.693553
0.693021
0.693794
0.692646
0.693171
0.69327
0.693311
0.692686
0.693054
0.692856
0.69316
0.693547
0.693199
0.693165
0.692855
0.693306
0.693443
0.693599
0.692857
0.692909
0.692577
0.693077
0.693169
0.693071
0.693547
0.693211
0.693462
0.693377
0.693193
0.693424
0.69334
0.692861
0.693785
0.692892
0.692988
0.693087
0.6928
0.693002
0.692887
0.692773
0.692837
0.693176
0.693321
0.693776
0.69276
0.693377
0.693064
0.693161
0.693158
0.693385
0.692863
0.692964
0.692684
0.693025
0.692827
0.693638
0.693085
0.693257
0.693425
0.693167
0.693656
0.693157
0.692793
0.693423
0.692673
0.693277
0.693239
0.693161
0.69318
0.693184
0.693651
0.693534
0.69324
0.693212
0.693214
0.693254
0.693456
0.693272
0.693183
0.693024
0.693289
0.693559
0.693199
0.693077
0.692731
0.693328
0.693351
0.692622
0.692864
0.693217
0.693851
0.693227
0.693455
0.693497
0.693712
0.693093
0.693564
0.692421
0.692837
0.693288
0.693165
0.693381
0.693177
0.693367
0.693118
0.69303
0.693324
0.693612
0.692966
0.693568
0.693096
0.693167
0.692941
0.692579
0.692938
0.693816
0.6931
0.692778
0.693429
0.693302
0.693122
0.693197
0.693136
0.692808
0.692949
0.692828
0.693086
0.693503
0.693131
0.692781
0.692834
0.693056
0.693436
0.692624
0.693247
0.693447
0.693346
0.693012
0.693148
0.693198
0.693063
0.692883
0.692923
0.693221
0.692881
0.69311
0.693413
0.692896
0.693142
0.692755
0.69319
0.693141
0.692967
0.692288
0.693095
0.693379
0.692698
0.692888
0.693752
0.692825
0.693121
0.693152
0.693363
0.693123
0.693066
0.693231
0.692613
0.693057
0.693985
0.693069
0.693169
0.693122
0.692696
0.69276
0.69318
0.692486
0.693597
0.693771
0.69283
0.693196
0.693155
0.692973
0.693312
0.693265
0.693554
0.693332
0.692116
0.692817
0.693451
0.693167
0.693427
0.693422
0.693279
0.692697
0.693066
0.693
0.693146
0.692934
0.693259
0.692795
0.69283
0.693531
0.693373
0.692951
0.693741
0.693343
0.693121
0.692755
0.692724
0.693147
0.693293
0.693051
0.693153
0.6929
0.69343
0.693183
0.692896
0.692751
0.692438
0.692947
0.693026
0.692954
0.693767
0.693381
0.692985
0.692824
0.692767
0.692885
0.692888
0.692852
0.69333
0.693403
0.69336
0.693178
0.693419
0.693137
0.692923
0.693578
0.693371
0.693003
0.692715
0.693135
0.693029
0.693476
0.693128
0.693618
0.693419
0.693075
0.69316
0.693023
0.693185
0.69322
0.693976
0.692855
0.692828
0.692782
0.693209
0.693657
0.693643
0.692932
0.693112
0.69282
0.693503
0.6934
0.69326
0.693398
0.693606
0.693303
0.693064
0.693179
0.693508
0.692986
0.693111
0.693345
0.693424
0.693112
0.693066
0.693383
0.693707
0.693255
0.693435
0.693415
0.692848
0.693236
0.6933
0.693158
0.693186
0.693437
0.693439
0.693825
0.693019
0.692716
0.693121
0.69311
0.693039
0.693531
0.692842
0.692921
0.693287
0.693874
0.693526
0.69303
0.692956
0.692745
0.693589
0.693284
0.693315
0.693979
0.69265
0.693176
0.692871
0.693803
0.692904
0.692893
0.693388
0.693003
0.693494
0.693227
0.69325
0.693245
0.693466
0.693242
0.693136
0.692936
0.693193
0.693308
0.693611
0.693267
0.692981
0.692924
0.693298
0.693191
0.692824
0.692921
0.693512
0.693895
0.693579
0.693356
0.692979
0.693361
0.6934
0.693424
0.693226
0.693746
0.693106
0.693165
0.692994
0.693255
0.693399
0.693453
0.692951
0.69307
0.693618
0.69331
0.692814
0.69322
0.693415
0.693269
0.693263
0.693124
0.693538
0.69337
0.693368
0.692687
0.692985
0.693208
0.6929
0.692896
0.692704
0.692908
0.693543
0.693139
0.6933
0.692934
0.693134
0.693303
0.693484
0.693771
0.69347
0.69324
0.693201
0.693029
0.693156
0.692742
0.69302
0.69375
0.693051
0.693518
0.692876
0.69302
0.693301
0.693563
0.693281
0.692936
0.692786
0.692958
0.693522
0.693753
0.693826
0.693513
0.693421
0.69344
0.69312
0.692593
0.693352
0.692898
0.693175
0.693295
0.692978
0.693402
0.693204
0.692815
0.693664
0.693455
0.693028
0.693029
0.693482
0.693549
0.693237
0.693152
0.692448
0.69293
0.693211
0.693809
0.69342
0.693873
0.69377
0.693281
0.693402
0.693481
0.693203
0.6933
0.69342
0.693485
0.693395
0.69348
0.692998
0.692884
0.693234
0.692906
0.692771
0.69276
0.692709
0.693295
0.693287
0.693439
0.693549
0.692954
0.692969
0.692997
0.693555
0.692892
0.692959
0.693149
0.693293
0.692999
0.693142
0.693189
0.693138
0.693454
0.692961
0.693207
0.692955
0.693072
0.692788
0.693448
0.693392
0.693669
0.692922
0.692572
0.693362
0.693239
0.693179
0.693456
0.693409
0.693534
0.693083
0.693091
0.693562
0.693499
0.693139
0.693351
0.693266
0.693359
0.693077
0.693483
0.693505
0.693026
0.692824
0.69273
0.693239
0.693217
0.693139
0.692908
0.69363
0.693664
0.693051
0.693157
0.693191
0.693264
0.693552
0.69371
0.69311
0.693648
0.693284
0.692637
0.692728
0.693012
0.693393
0.693355
0.692846
0.693547
0.693131
0.693107
0.693161
0.692922
0.693101
0.692959
0.693227
0.693325
0.693367
0.693619
0.693615
0.693639
0.69323
0.69292
0.693542
0.693201
0.692552
0.693005
0.692707
0.693313
0.693352
0.692774
0.693127
0.693157
0.693117
0.693029
0.693211
0.692853
0.692881
0.692903
0.692968
0.69307
0.693162
0.693323
0.692857
0.693605
0.69358
0.693638
0.693029
0.692898
0.693037
0.692865
0.692715
0.693277
0.692973
0.693033
0.693105
0.693016
0.692631
0.693176
0.69317
0.693019
0.692801
0.693015
0.69341
0.693348
0.693312
0.693244
0.69301
0.693188
0.693294
0.693042
0.693068
0.692751
0.693161
0.693553
0.693399
0.692887
0.693575
0.693295
0.69305
0.693444
0.693525
0.692741
0.69284
0.692594
0.693396
0.693389
0.693308
0.693146
0.693268
0.693327
0.693298
0.69304
0.693074
0.693335
0.692639
0.692974
0.693259
0.693366
0.693036
0.693177
0.693459
0.693614
0.693115
0.693004
0.693314
0.693414
0.692896
0.693009
0.692827
0.693222
0.692936
0.693172
0.693033
0.692441
0.693114
0.693093
0.692868
0.693566
0.693535
0.693221
0.693226
0.69294
0.692941
0.693048
0.69297
0.692803
0.692687
0.693071
0.693124
0.693152
0.69328
0.693331
0.693192
0.693193
0.69288
0.693169
0.692789
0.69268
0.693389
0.693403
0.69301
0.692815
0.693164
0.693243
0.693303
0.693173
0.692973
0.693739
0.692902
0.693163
0.693102
0.693597
0.693601
0.69344
0.693274
0.692868
0.693178
0.693236
0.692763
0.692827
0.693472
0.693149
0.693349
0.69322
0.693536
0.69322
0.693468
0.693591
0.693256
0.6928
0.693127
0.692796
0.693133
0.693458
0.693755
0.693397
0.693731
0.692645
0.692395
0.692958
0.693304
0.693493
0.693832
0.693677
0.693601
0.692891
0.692852
0.69289
0.693409
0.693121
0.693028
0.69316
0.693297
0.693244
0.693348
0.692898
0.693413
0.693573
0.691953
0.693321
0.693442
0.693228
0.693756
0.693633
0.693589
0.693263
0.692998
0.693257
0.692968
0.693263
0.693156
0.693433
0.692997
0.693185
0.69306
0.693452
0.693807
0.693514
0.69344
0.692851
0.692544
0.693227
0.693674
0.693743
0.692836
0.693789
0.69308
0.69326
0.692618
0.692903
0.69368
0.694059
0.692984
0.692497
0.693388
0.692876
0.693253
0.693432
0.693281
0.693171
0.692717
0.693001
0.69351
0.693742
0.693495
0.693198
0.693329
0.693232
0.693435
0.693001
0.692936
0.692897
0.693173
0.693283
0.693116
0.692804
0.692531
0.693438
0.693552
0.693451
0.693267
0.693573
0.693282
0.693719
0.692936
0.69269
0.6927
0.693189
0.693556
0.693457
0.693023
0.693158
0.693344
0.693257
0.693795
0.693209
0.693734
0.693679
0.692696
0.692957
0.692718
0.693082
0.693748
0.693235
0.693268
0.692917
0.693034
0.692994
0.693506
0.693334
0.693399
0.693096
0.693106
0.692728
0.69344
0.693627
0.69369
0.693525
0.693112
0.693442
0.693154
0.693417
0.692871
0.693173
0.692947
0.692485
0.693006
0.692981
0.693178
0.693388
0.693132
0.693283
0.693624
0.69357
0.693073
0.693048
0.692747
0.69301
0.693001
0.693192
0.693538
0.6929
0.693073
0.693156
0.693496
0.693245
0.693094
0.692807
0.693214
0.693448
0.693084
0.693596
0.693416
0.693097
0.693246
0.692987
0.692935
0.693354
0.693645
0.693305
0.693104
0.693691
0.692903
0.692962
0.692941
0.693424
0.692947
0.693178
0.693292
0.693343
0.693145
0.693133
0.69319
0.692927
0.692826
0.693051
0.693799
0.692511
0.693025
0.693334
0.693435
0.692808
0.69348
0.693311
0.692772
0.69337
0.693392
0.693001
0.693541
0.693012
0.69323
0.693433
0.693269
0.69329
0.693449
0.693332
0.693297
0.692903
0.693212
0.693287
0.692835
0.693052
0.693322
0.693127
0.692898
0.693042
0.693235
0.693177
0.692592
0.69284
0.693204
0.693295
0.693309
0.692962
0.693053
0.693675
0.693041
0.693419
0.693304
0.692979
0.693064
0.692832
0.693037
0.692944
0.693225
0.69331
0.692788
0.693127
0.693568
0.69231
0.693305
0.693809
0.693194
0.693426
0.693571
0.693031
0.69277
0.693273
0.693228
0.693311
0.693053
0.693102
0.693235
0.692716
0.693016
0.693226
0.693083
0.692987
0.692817
0.693445
0.692903
0.692546
0.692898
0.693279
0.693224
0.693231
0.692812
0.6932
0.693296
0.69352
0.693432
0.693099
0.693161
0.693094
0.692834
0.693182
0.693274
0.692967
0.693436
0.69309
0.692731
0.693085
0.693226
0.693133
0.69394
0.6929
0.693149
0.69316
0.693155
0.693211
0.69343
0.693362
0.693476
0.694013
0.692929
0.693352
0.693378
0.693396
0.69303
0.693262
0.692956
0.69321
0.693059
0.693726
0.693508
0.693209
0.693315
0.693132
0.692955
0.693098
0.693364
0.693722
0.693321
0.693734
0.692934
0.693192
0.693053
0.692951
0.693091
0.692545
0.692648
0.693357
0.693467
0.693223
0.693685
0.693533
0.69306
0.693391
0.693019
0.693239
0.693285
0.693373
0.693227
0.692922
0.692583
0.693417
0.693005
0.692881
0.693574
0.692628
0.692576
0.6929
0.692931
0.693255
0.693233
0.693701
0.692628
0.693144
0.692997
0.693213
0.693179
0.693151
0.692847
0.693463
0.692999
0.692717
0.692427
0.693029
0.693344
0.693242
0.693099
0.693255
0.693651
0.693071
0.693227
0.693551
0.693036
0.693053
0.692738
0.693504
0.693053
0.693162
0.693343
0.693039
0.692983
0.693483
0.692647
0.692392
0.693198
0.693705
0.693845
0.693882
0.693682
0.692699
0.693182
0.692929
0.693416
0.6931
0.693326
0.693624
0.693818
0.693634
0.693367
0.692975
0.693252
0.693053
0.693388
0.69303
0.692776
0.692883
0.69327
0.692956
0.693494
0.693551
0.693065
0.692879
0.692897
0.693102
0.69351
0.693111
0.693007
0.693146
0.69337
0.693157
0.693599
0.693141
0.692505
0.693153
0.693389
0.693251
0.693398
0.69343
0.693134
0.693292
0.693121
0.693001
0.69322
0.693018
0.693193
0.69337
0.69329
0.693139
0.693157
0.692828
0.69292
0.693022
0.693329
0.693306
0.693129
0.693298
0.693528
0.693338
0.693456
0.692699
0.692805
0.693285
0.69298
0.693168
0.693347
0.693463
0.692547
0.693111
0.692941
0.693349
0.692902
0.692952
0.693129
0.693227
0.693445
0.692833
0.693187
0.693122
0.692695
0.692802
0.693196
0.693438
0.693241
0.692886
0.693182
0.69267
0.692996
0.693352
0.69275
0.693032
0.693323
0.693795
0.693702
0.693374
0.693449
0.692995
0.693037
0.693255
0.693083
0.692849
0.693328
0.69286
0.693065
0.693124
0.692886
0.693551
0.693378
0.69287
0.693134
0.693318
0.693669
0.69339
0.693226
0.693434
0.693075
0.693041
0.692586
0.692917
0.693014
0.692883
0.693241
0.693233
0.693536
0.69318
0.693085
0.694253
0.693108
0.692938
0.69343
0.692977
0.693357
0.693117
0.692795
0.693195
0.693008
0.69292
0.692976
0.692509
0.693546
0.693115
0.693152
0.692867
0.693114
0.693085
0.692685
0.692791
0.692906
0.693129
0.693345
0.692513
0.692897
0.692506
0.693106
0.69341
0.692906
0.693033
0.693209
0.693145
0.692969
0.693538
0.692848
0.692739
0.692988
0.693263
0.693336
0.693229
0.693164
0.693635
0.693461
0.693029
0.69342
0.69312
0.692905
0.693221
0.692845
0.692751
0.693321
0.692821
0.692923
0.693235
0.693143
0.692571
0.693237
0.693407
0.693405
0.692793
0.693339
0.693243
0.693372
0.693196
0.693417
0.693427
0.693363
0.693305
0.693434
0.69294
0.693176
0.693462
0.692901
0.693421
0.693476
0.693456
0.693545
0.692944
0.69312
0.692723
0.692788
0.693114
0.693206
0.693249
0.693191
0.692639
0.693591
0.693373
0.693728
0.692596
0.69364
0.693263
0.693321
0.693168
0.69326
0.693521
0.692853
0.693372
0.69299
0.692761
0.692722
0.692891
0.692846
0.693198
0.692745
0.693097
0.693292
0.693599
0.693389
0.692243
0.693227
0.693247
0.693124
0.693368
0.693197
0.693742
0.69327
0.692749
0.692476
0.693236
0.693234
0.693128
0.693077
0.692839
0.692723
0.693267
0.693413
0.69309
0.692998
0.693147
0.693359
0.692955
0.693247
0.693194
0.693546
0.693132
0.693481
0.692805
0.693144
0.693735
0.693096
0.69302
0.693095
0.692951
0.692997
0.692886
0.693407
0.693279
0.692789
0.693198
0.693761
0.693516
0.693024
0.693148
0.69329
0.69358
0.693348
0.692561
0.692675
0.692852
0.692648
0.692839
0.692973
0.692943
0.693317
0.693164
0.693054
0.692778
0.693406
0.693214
0.693005
0.693241
0.693126
0.693637
0.693322
0.693275
0.693318
0.693179
0.692698
0.693221
0.692665
0.69293
0.693621
0.693782
0.693161
0.692881
0.693292
0.693579
0.693436
0.693619
0.693615
0.693628
0.693306
0.693144
0.693528
0.693353
0.693235
0.693353
0.693302
0.693221
0.693606
0.693132
0.693367
0.693047
0.693083
0.69315
0.69316
0.69316
0.693752
0.693398
0.693334
0.692975
0.69313
0.693202
0.693055
0.693231
0.693255
0.693159
0.69321
0.693741
0.693169
0.693188
0.693753
0.69345
0.693009
0.693106
0.69236
0.693197
0.693668
0.69304
0.693283
0.693366
0.692871
0.693025
0.693524
0.692816
0.692776
0.693507
0.692955
0.692765
0.693091
0.693417
0.692688
0.692934
0.692888
0.692647
0.693099
0.692933
0.693326
0.692905
0.692906
0.693462
0.693458
0.693148
0.693292
0.69327
0.693455
0.693189
0.692828
0.692989
0.693286
0.693553
0.692787
0.692861
0.69391
0.693004
0.693364
0.692702
0.692784
0.692947
0.693917
0.693696
0.693108
0.693304
0.693048
0.693166
0.693394
0.693144
0.693335
0.692919
0.693312
0.693179
0.692586
0.69299
0.693276
0.692987
0.69307
0.692487
0.692717
0.693004
0.693305
0.693118
0.693284
0.693223
0.693163
0.692805
0.693479
0.693351
0.693166
0.693068
0.693328
0.693316
0.692647
0.692923
0.692954
0.693185
0.693331
0.693224
0.693649
0.693255
0.692741
0.692812
0.693172
0.69338
0.692889
0.69275
0.693557
0.693393
0.693274
0.692825
0.692984
0.693126
0.693007
0.692982
0.692562
0.693146
0.692601
0.693606
0.693483
0.692663
0.693568
0.692947
0.693183
0.693408
0.693285
0.693017
0.693305
0.693147
0.693232
0.693321
0.693358
0.693452
0.692849
0.693244
0.692847
0.692961
0.692824
0.693234
0.692727
0.693122
0.693195
0.692809
0.693035
0.693389
0.693056
0.692875
0.69325
0.693122
0.692841
0.693155
0.693352
0.692908
0.693061
0.692484
0.693181
0.69269
0.693316
0.693245
0.693301
0.693257
0.693285
0.692851
0.692689
0.692881
0.692918
0.693272
0.692913
0.692868
0.693445
0.693103
0.693016
0.693149
0.692422
0.692952
0.693576
0.693037
0.692473
0.693244
0.693049
0.693269
0.693445
0.692982
0.692959
0.693104
0.693328
0.692925
0.693289
0.693527
0.693843
0.693053
0.692826
0.693185
0.692766
0.693404
0.693235
0.693065
0.692759
0.693652
0.693142
0.693049
0.692969
0.692821
0.693151
0.692832
0.693162
0.692547
0.693064
0.693205
0.693436
0.693401
0.693192
0.693191
0.692966
0.693134
0.69278
0.692798
0.69314
0.692926
0.692939
0.693331
0.693042
0.692613
0.692953
0.692712
0.693112
0.693098
0.69306
0.693313
0.693362
0.692911
0.693251
0.693524
0.693238
0.692677
0.693125
0.69338
0.693624
0.693106
0.693026
0.693025
0.693841
0.693007
0.693222
0.693336
0.693221
0.693304
0.692623
0.693341
0.693026
0.692777
0.693025
0.69319
0.693428
0.693459
0.693381
0.69331
0.693055
0.6936
0.693568
0.692863
0.693462
0.693331
0.693356
0.693399
0.692734
0.693569
0.693148
0.693435
0.693026
0.693249
0.693334
0.693191
0.692741
0.693656
0.692669
0.693038
0.693569
0.693602
0.693492
0.693791
0.693158
0.693274
0.692941
0.692616
0.692736
0.693492
0.692798
0.692586
0.692527
0.693073
0.693488
0.692931
0.692815
0.69274
0.693501
0.693312
