-4.08589e-26
-2.85236e-26
-1.80053e-26
-2.12333e-26
-2.79236e-26
-1.20167e-26
4.19956e-28
7.75294e-27
1.27805e-26
9.39102e-27
-1.61486e-26
-2.77503e-26
-3.62034e-26
-4.20209e-26
-2.45374e-26
-1.50929e-26
-1.12677e-26
-1.32312e-27
-3.75444e-27
-3.79737e-26
-3.83453e-26
-4.05676e-26
-2.52379e-26
-2.7255e-26
-3.82162e-26
-2.32029e-26
-1.17712e-26
-3.78028e-27
1.19538e-27
4.35737e-27
-7.25931e-27
-3.19804e-26
-3.65234e-26
-3.61223e-26
-2.08007e-26
-8.94211e-27
-1.11674e-26
2.87515e-27
7.59477e-27
-1.98572e-26
-1.19522e-26
-1.82739e-26
-1.51852e-26
-2.0922e-26
-2.35159e-26
-1.74664e-26
-1.25979e-26
-9.99989e-27
-4.37464e-27
1.42464e-27
-1.27541e-27
-1.97605e-26
-2.98705e-26
-2.77173e-26
-1.04e-26
-3.65432e-27
-1.22647e-26
-7.52761e-27
8.71951e-27
-4.12756e-28
-7.21535e-27
-4.94807e-27
-1.79065e-27
-1.17522e-26
-1.32708e-26
-1.47066e-26
-1.40583e-26
-9.69424e-27
-1.33194e-27
-5.58519e-27
-1.13766e-26
-1.0226e-26
-1.03372e-26
-1.5331e-26
2.24587e-27
-1.89622e-27
-1.21451e-26
-1.33163e-26
9.48612e-28
2.26384e-27
-8.17694e-27
1.09727e-27
2.80127e-27
7.04684e-28
-2.47322e-27
-5.52699e-27
-2.11467e-27
5.9062e-28
2.55973e-27
-1.2246e-27
-7.99992e-27
-6.26376e-29
6.38902e-27
5.99286e-27
1.56082e-26
1.25612e-26
-1.66877e-27
-7.67888e-28
2.48633e-27
-8.51799e-27
-9.3028e-27
1.82065e-27
5.32105e-27
4.15707e-27
2.30882e-27
8.46154e-27
2.57876e-26
2.47018e-26
1.44153e-27
-6.97935e-27
-1.30008e-26
-1.30489e-26
4.27649e-28
1.34178e-26
2.31304e-26
1.72714e-26
1.07525e-26
1.20639e-26
2.40514e-27
-9.32889e-27
7.82137e-27
4.68313e-27
1.48872e-26
1.77215e-26
8.70316e-27
1.21232e-26
3.27768e-26
4.00223e-26
1.71829e-26
-5.75159e-27
-1.83362e-26
-3.0801e-26
-2.03269e-26
2.29367e-27
9.42944e-27
1.7515e-26
1.88513e-26
2.01077e-26
1.62851e-26
1.702e-26
1.44184e-26
-2.69179e-27
9.48265e-27
1.38979e-26
1.16949e-26
1.59045e-26
3.9334e-26
4.78737e-26
3.26074e-26
5.90109e-27
-1.22325e-26
-2.82083e-26
-2.77709e-26
-1.15168e-26
1.07704e-27
2.48495e-26
3.56385e-26
3.26393e-26
3.75397e-26
3.57206e-26
7.33551e-27
-7.64832e-27
-1.10622e-27
-4.02134e-27
4.09504e-27
1.62596e-26
2.77201e-26
3.2795e-26
2.75899e-26
3.81368e-27
-7.6726e-27
-1.21839e-26
-1.77317e-26
-1.69949e-26
-1.08802e-26
-1.93496e-27
1.27644e-26
2.6352e-26
4.65983e-26
4.02789e-26
3.73621e-27
3.3097e-27
2.31611e-27
-2.68344e-27
-1.73536e-27
6.29533e-27
1.32039e-26
4.3991e-27
1.09226e-26
1.2429e-26
2.12043e-26
2.43424e-26
1.39291e-26
-2.76945e-27
-1.39547e-26
-2.71461e-26
-1.8277e-26
8.17674e-27
3.33791e-26
2.81395e-26
-3.95451e-27
-1.66266e-27
4.60512e-27
7.20337e-27
3.87511e-27
-1.46976e-27
-7.75158e-27
-1.76353e-26
-4.80979e-27
1.09373e-26
2.75148e-26
3.86271e-26
3.219e-26
4.76569e-27
-9.42508e-27
-2.46031e-26
-1.88146e-26
2.85757e-27
6.17803e-27
1.83676e-27
-1.31287e-26
-7.48116e-27
3.1679e-27
5.1277e-27
-4.9568e-27
-2.07594e-26
-4.04237e-26
-3.69421e-26
-1.45777e-26
-8.12671e-27
5.7306e-27
2.37156e-26
3.36432e-26
1.63478e-26
-1.4737e-27
-9.67596e-27
2.93736e-28
8.33798e-27
-1.25467e-27
-9.0714e-27
-5.75493e-27
-7.36302e-27
2.90798e-27
-7.71248e-27
-1.98037e-26
-2.57631e-26
-4.19776e-26
-4.42841e-26
-2.4707e-26
-1.99379e-26
-2.04643e-26
5.90874e-27
2.63097e-26
2.3671e-26
7.07993e-27
4.39278e-28
9.11613e-27
1.78348e-26
1.06055e-26
1.66664e-27
3.01622e-26
1.76765e-26
1.14247e-26
-4.40622e-27
-1.37096e-26
-6.81165e-27
-1.20994e-26
-1.49523e-26
3.97289e-27
-6.12318e-29
-1.15247e-26
5.91937e-27
2.07798e-26
2.14038e-26
8.97602e-27
9.27168e-27
2.91722e-26
4.26322e-26
3.48512e-26
3.7264e-26
5.09342e-26
3.37034e-26
2.59247e-26
1.74713e-26
2.00642e-26
1.6537e-26
9.44076e-27
1.13362e-26
2.75802e-26
2.68424e-26
2.15101e-26
1.45392e-26
1.51586e-26
8.30082e-27
1.90318e-26
3.13739e-26
4.81535e-26
5.71916e-26
4.70196e-26
6.25542e-26
4.74844e-26
3.59709e-26
2.12296e-26
1.48036e-26
1.96449e-26
2.02367e-26
1.42169e-26
1.53439e-26
2.60153e-26
2.15091e-26
2.71537e-26
1.94216e-26
8.55648e-27
1.21245e-28
9.74677e-27
2.38481e-26
4.57511e-26
6.01409e-26
5.30294e-26
5.68769e-26
3.81261e-26
3.03656e-26
1.53828e-26
7.93851e-27
5.81554e-27
1.41984e-26
1.89972e-26
1.31504e-26
-1.63467e-28
3.47229e-27
2.13899e-26
1.42685e-26
8.61059e-28
1.12266e-27
7.58029e-27
9.77446e-27
2.69682e-26
3.76126e-26
4.04338e-26
4.23143e-26
2.01773e-26
2.87733e-26
3.84289e-26
2.90761e-26
1.64736e-26
1.69613e-26
1.7875e-26
8.14486e-27
-1.58646e-26
-1.96345e-26
3.02838e-27
6.95265e-28
-9.63421e-27
6.12745e-27
1.16185e-26
-1.7708e-27
-1.21682e-26
-3.11273e-27
1.34233e-26
1.67319e-26
-1.59734e-27
2.04214e-26
4.1195e-26
3.69244e-26
1.94425e-26
1.77082e-26
9.25179e-27
1.06037e-27
-7.94866e-27
-1.76249e-26
-1.4238e-26
-8.82445e-27
-1.94225e-26
-6.21225e-27
-4.81432e-27
-1.83473e-26
-3.3005e-26
-2.7011e-26
-1.09608e-26
-6.98399e-27
-2.23444e-26
4.36076e-28
1.27373e-26
1.22062e-26
1.09743e-27
4.67188e-27
7.11928e-28
4.28379e-27
9.66064e-27
-7.97468e-28
-2.15775e-26
-2.08729e-26
-2.98342e-26
-3.02699e-26
-2.29865e-26
-1.47915e-26
-1.3459e-26
-2.19826e-26
-2.23325e-26
-3.11215e-26
-4.73678e-26
-4.16581e-26
-3.11817e-26
-2.98232e-26
-3.42605e-26
-2.36083e-26
-7.67756e-27
5.45695e-27
1.2135e-26
1.17415e-27
-2.36894e-26
-2.98647e-26
-3.14e-26
-3.13277e-26
-1.89605e-26
-1.68362e-26
-1.50242e-26
-1.3126e-26
-1.40347e-26
-4.33127e-26
-4.177e-26
-4.17378e-26
-2.1423e-26
-2.20725e-26
-3.12594e-26
-2.53775e-26
-2.15637e-26
-1.42431e-26
-9.89058e-27
-3.68531e-27
-1.58373e-26
-2.55731e-26
-1.39532e-26
-1.68374e-26
-1.2828e-26
-8.26425e-27
-9.44459e-27
-1.12158e-26
-5.78194e-27
-2.06072e-26
-1.49883e-26
-2.0033e-26
-1.83425e-26
-1.61896e-26
-1.93125e-26
-1.41517e-26
-1.5305e-26
-1.75526e-26
-1.33231e-26
-1.42151e-26
-1.11037e-26
-9.2018e-27
5.39989e-28
-2.71372e-27
6.72941e-27
7.03853e-27
-6.55124e-29
-4.21773e-27
1.02627e-27
-3.42341e-28
2.84131e-27
-2.15094e-27
-6.85783e-27
-4.8097e-27
-4.62175e-27
-5.6955e-27
-1.38373e-26
-1.26856e-26
-3.62724e-27
-5.41547e-27
-2.62458e-27
5.07129e-28
8.46318e-27
5.2527e-27
1.63665e-26
1.22334e-26
-1.34018e-27
-7.21711e-28
1.09641e-26
1.1605e-26
1.60593e-27
7.84463e-27
1.06597e-26
1.72662e-26
1.74292e-26
8.22957e-27
3.13849e-27
-5.85008e-27
-2.92901e-27
-1.54156e-28
-3.78553e-27
-4.88345e-27
4.36478e-27
8.49403e-27
1.82604e-26
9.85997e-27
-4.79351e-28
6.2101e-27
1.02406e-26
6.12092e-27
-1.146e-26
1.57619e-27
1.41152e-26
2.27902e-26
2.34867e-26
1.68642e-26
2.32642e-26
1.44008e-26
-8.94444e-27
-2.24721e-26
-2.43837e-26
-1.89249e-26
-5.75052e-27
1.06521e-26
1.56804e-26
5.04129e-27
4.63846e-27
1.41858e-26
6.14829e-27
-7.68883e-27
1.25601e-27
6.32665e-27
2.08553e-26
2.89684e-26
2.82188e-26
2.60174e-26
2.94375e-26
2.8356e-26
2.51488e-28
-2.03717e-26
-2.65722e-26
-2.95516e-26
-5.13629e-27
7.68721e-27
2.99896e-27
8.9282e-27
1.63314e-26
1.8263e-26
1.09748e-26
1.0616e-26
7.25511e-27
4.85738e-28
1.58176e-26
2.38594e-26
2.82034e-26
2.92949e-26
3.57704e-26
3.49129e-26
2.0955e-26
3.40585e-27
-4.89294e-27
-1.50443e-26
-7.31578e-27
2.65557e-28
-3.71786e-27
1.8043e-26
2.76966e-26
2.24103e-26
2.22934e-26
2.25626e-26
4.30709e-27
-1.40639e-27
-1.29889e-27
-5.90638e-27
7.83657e-27
1.82041e-26
2.55329e-26
2.77373e-26
2.8437e-26
2.29024e-26
1.54172e-26
8.39955e-27
-3.29874e-27
-5.25201e-27
-1.66514e-26
-6.53861e-27
3.81154e-27
9.46682e-27
2.56859e-26
2.20765e-26
5.3374e-27
6.47545e-27
-4.82014e-27
-1.70025e-26
-3.5731e-27
8.20775e-27
1.37427e-26
1.04932e-26
2.1896e-26
3.29172e-26
3.2893e-26
3.2486e-26
1.96089e-26
-3.98667e-27
-3.04712e-26
-3.97713e-26
-2.85472e-26
-6.98975e-27
1.43957e-26
1.9673e-26
-4.77065e-27
2.2013e-27
-5.59452e-27
-8.82992e-27
-5.78685e-27
1.68418e-27
4.21267e-27
6.7403e-27
1.73569e-26
2.91369e-26
2.79742e-26
3.05188e-26
2.17865e-26
4.06118e-27
-1.27016e-26
-2.87025e-26
-2.37054e-26
-4.75115e-27
-4.49017e-27
-4.25312e-27
-1.40549e-26
-1.28048e-26
-1.23019e-26
-1.16207e-26
-2.2359e-26
-1.76428e-26
-1.57751e-26
-3.75655e-27
1.41221e-26
1.33985e-26
1.2995e-26
1.87708e-26
1.43321e-26
9.9228e-27
3.56583e-28
-4.77006e-27
-2.98169e-27
1.37562e-27
-9.55466e-27
-1.70832e-26
-1.58642e-26
-1.72709e-26
-1.27761e-26
-2.00092e-26
-3.3486e-26
-2.26416e-26
-2.52109e-26
-1.90004e-26
1.09889e-27
-8.69201e-27
-8.92949e-27
9.98794e-27
1.8849e-26
1.57381e-26
7.76955e-27
1.48124e-27
1.18444e-27
7.53596e-27
7.06425e-27
-3.53195e-27
4.21549e-27
-2.00957e-27
-1.57202e-27
-1.48541e-26
-2.40993e-26
-1.26738e-26
-1.48693e-26
-1.10273e-26
8.33811e-27
-4.41657e-28
-1.45064e-27
1.54139e-26
2.66321e-26
2.78689e-26
1.75303e-26
9.94275e-27
1.11677e-26
3.11301e-26
3.42422e-26
2.47122e-26
2.95134e-26
2.12251e-26
1.26671e-26
5.28892e-27
5.62114e-27
3.81184e-27
-3.57883e-28
2.63243e-27
1.95658e-26
2.58879e-26
2.23222e-26
2.69937e-26
3.16257e-26
2.66037e-26
2.61077e-26
2.51385e-26
2.56498e-26
4.61021e-26
4.49817e-26
4.01055e-26
3.22157e-26
2.8332e-26
1.80318e-26
1.41841e-26
1.14244e-26
-2.33241e-27
-1.18032e-27
1.63829e-26
2.33138e-26
2.89835e-26
2.67351e-26
1.90124e-26
2.2257e-26
2.02351e-26
2.22975e-26
2.07168e-26
2.1167e-26
3.92605e-26
3.74406e-26
3.00204e-26
2.73387e-26
3.028e-26
2.36399e-26
2.41564e-26
2.08978e-26
1.00052e-26
1.17097e-26
2.14348e-26
1.04102e-26
6.94295e-27
1.37782e-26
1.1935e-26
1.46068e-26
2.65082e-26
2.10638e-26
1.06326e-26
2.78211e-27
2.00224e-26
3.09508e-26
2.53408e-26
1.66726e-26
2.34158e-26
3.02113e-26
3.30485e-26
3.29311e-26
3.5654e-26
2.92605e-26
2.43001e-26
7.01028e-27
-1.14083e-26
-9.19671e-27
-4.42212e-27
1.55684e-27
2.22172e-26
2.15986e-26
-2.49363e-27
-2.38419e-26
-6.64516e-27
2.4304e-26
2.01396e-26
-1.45029e-27
6.84e-27
1.92901e-26
2.54425e-26
2.52614e-26
3.14602e-26
2.55294e-26
2.20317e-26
1.72352e-26
-1.58295e-26
-2.71025e-26
-2.10846e-26
-1.94656e-26
7.19413e-29
4.20747e-27
-1.45524e-26
-3.00828e-26
-2.98563e-26
-9.67492e-27
4.24175e-27
-2.70217e-26
-1.45344e-26
-6.50087e-27
-3.57047e-27
1.86307e-28
6.75e-27
1.40334e-26
2.00237e-26
2.44745e-26
-3.97428e-27
-3.15418e-26
-3.33554e-26
-3.74216e-26
-2.3176e-26
-1.6473e-26
-1.94661e-26
-1.76979e-26
-2.28526e-26
-2.54491e-26
-3.1293e-26
-5.14655e-26
-4.80702e-26
-3.96685e-26
-4.24041e-26
-4.59532e-26
-3.66767e-26
-1.85035e-26
8.8992e-27
2.12652e-26
-3.20739e-28
-1.81758e-26
-1.96147e-26
-1.76622e-26
-1.59728e-26
-2.5826e-26
-1.55039e-26
-5.46505e-27
-1.15929e-26
-2.0183e-26
-4.31482e-26
-4.18044e-26
-4.51831e-26
-3.2181e-26
-3.85634e-26
-4.06189e-26
-3.27734e-26
-2.9706e-26
-1.11364e-26
-6.34402e-27
-1.40282e-26
-2.31377e-26
-1.28272e-26
9.71632e-27
5.47726e-27
-5.2344e-27
-3.81741e-27
-5.48628e-27
-1.00259e-26
-1.96944e-26
-3.09517e-26
-1.57319e-26
-2.32268e-26
-3.12129e-26
-3.00463e-26
-2.96121e-26
-1.91493e-26
-1.16996e-26
-1.34493e-26
-1.68303e-26
-2.3675e-26
-1.34707e-26
3.13929e-27
2.43205e-26
2.00189e-26
1.84295e-26
2.03554e-26
6.31084e-27
1.76493e-27
2.36703e-27
-7.6576e-28
-6.99098e-28
-1.01802e-26
-1.38366e-26
-1.04454e-26
-1.20826e-26
-6.9846e-27
-6.81894e-27
-1.76897e-26
-1.23075e-26
-5.13227e-27
8.77163e-27
1.39585e-26
1.86112e-26
2.15241e-26
3.09269e-26
3.88011e-26
2.32643e-26
2.34149e-26
2.68039e-26
1.94768e-26
8.43829e-27
1.40795e-27
8.93967e-27
1.45325e-26
1.42647e-26
1.52801e-26
7.50113e-27
-8.63381e-27
-7.51526e-27
5.6894e-28
-1.24688e-27
2.35219e-27
1.14053e-28
2.45227e-27
1.27471e-26
1.74215e-26
2.30577e-26
3.88045e-26
4.37921e-26
3.14748e-26
-3.31138e-27
-8.01809e-27
9.05516e-27
2.27404e-26
2.99269e-26
2.44527e-26
1.77691e-26
5.45228e-27
-9.9646e-27
-2.05497e-26
-1.62864e-26
-5.94486e-27
-1.14431e-26
-1.03077e-27
3.16709e-27
2.68414e-27
1.80176e-26
4.07558e-26
3.54161e-26
2.19999e-26
-5.75608e-27
-9.54048e-27
6.65662e-27
2.2367e-26
4.33673e-26
3.58256e-26
1.81917e-26
7.59173e-27
-1.14465e-26
-2.15975e-26
-1.02057e-26
-4.74084e-27
2.80485e-27
5.43998e-27
-1.52171e-27
1.35262e-26
2.44059e-26
2.79965e-26
2.2863e-26
1.3011e-26
-1.12514e-26
-3.58066e-27
-4.73082e-27
1.20336e-26
3.83649e-26
3.91849e-26
1.55691e-26
1.83085e-27
8.31864e-28
4.64072e-27
8.45963e-27
5.19613e-27
8.35389e-27
2.29072e-27
-7.55549e-27
1.04996e-26
2.31695e-26
1.73192e-26
1.14046e-26
-1.71719e-27
-6.14115e-27
-4.42047e-27
-1.06883e-26
-7.76953e-27
1.39374e-26
2.5112e-26
1.16504e-26
5.77954e-27
2.13669e-26
3.10093e-26
2.34289e-26
9.78814e-27
6.28135e-27
1.11091e-29
-2.1311e-26
-2.16465e-26
-9.85692e-27
-3.56371e-27
-3.84413e-27
-4.46732e-27
-5.35981e-27
-6.69462e-27
-1.45296e-26
-2.30338e-26
-4.73475e-27
1.35405e-26
8.76055e-27
1.10837e-26
2.89737e-26
3.68424e-26
2.4273e-26
8.13432e-27
1.12213e-26
5.03666e-27
-2.75195e-26
-5.17623e-26
-5.09274e-26
-3.20402e-26
-1.94831e-26
-3.55957e-27
-6.84401e-27
-1.21655e-26
-1.99169e-26
-2.76716e-26
-1.99581e-26
7.86136e-29
1.40813e-26
1.92653e-26
2.78792e-26
3.91607e-26
3.07961e-26
9.83763e-27
6.90114e-27
9.66593e-27
-1.05288e-26
-3.85669e-26
-4.12733e-26
-3.01253e-26
-2.94023e-26
-1.19689e-26
-1.12013e-26
-1.13629e-26
-1.74051e-26
-2.07731e-26
-2.15653e-26
-6.00504e-27
1.22278e-26
2.39227e-26
3.62106e-26
4.01643e-26
3.13886e-26
1.61704e-26
3.56845e-27
1.57695e-26
5.52901e-27
-1.14896e-26
-1.88587e-26
-1.81624e-26
-1.60727e-26
-1.25092e-26
-7.43299e-27
-6.88683e-27
-1.07863e-26
-2.15271e-26
-2.92353e-26
-1.24535e-26
-6.19412e-28
6.77703e-27
2.2294e-26
2.03481e-26
1.83443e-26
1.31281e-26
6.2364e-27
4.7733e-27
5.22124e-27
2.52625e-28
-9.1604e-27
-1.42108e-26
-4.42872e-27
-3.89875e-27
9.41649e-27
1.05279e-26
5.63359e-28
-1.43591e-26
-2.39964e-26
-1.66244e-26
-1.46753e-26
-1.09735e-26
6.65582e-27
1.33822e-26
1.17064e-26
1.9299e-26
1.78279e-26
1.25735e-26
1.22994e-26
8.13482e-27
6.54365e-29
8.26515e-27
2.5464e-26
1.51427e-26
2.30677e-26
2.53535e-26
1.10619e-26
5.16912e-27
1.28304e-29
-6.90199e-27
-1.2864e-26
-1.21964e-26
1.29523e-26
2.97764e-26
2.20996e-26
2.702e-26
3.08009e-26
2.69257e-26
2.3006e-26
1.66256e-26
5.64245e-27
2.57177e-26
3.84225e-26
1.92554e-26
1.98628e-26
2.95271e-26
2.43789e-26
2.01311e-26
1.3232e-26
-5.24455e-27
-7.66689e-27
6.68397e-27
2.5596e-26
3.7238e-26
2.00073e-26
1.34406e-26
3.114e-26
3.01949e-26
2.79808e-26
1.7534e-26
3.89523e-27
2.00457e-26
2.54674e-26
1.16071e-26
2.63836e-26
3.39313e-26
3.24682e-26
3.71123e-26
2.6973e-26
6.61054e-27
2.89137e-27
1.55018e-26
1.92204e-26
1.49227e-26
1.27185e-26
1.35273e-26
3.30032e-26
4.21948e-26
2.87026e-26
5.26953e-27
-1.22258e-26
2.24583e-27
3.32589e-26
3.02437e-26
2.94353e-26
2.86783e-26
2.73771e-26
3.79796e-26
3.4523e-26
2.78927e-26
3.15647e-26
3.29842e-26
2.44402e-26
-1.38315e-27
-4.08434e-27
7.70825e-27
2.24169e-26
3.97102e-26
3.02865e-26
3.26672e-27
-2.20732e-26
-7.95021e-27
2.99972e-26
3.30594e-26
-2.52678e-28
-2.78533e-27
2.91753e-27
6.44111e-27
1.03931e-26
2.42451e-26
3.69002e-26
4.37023e-26
3.35311e-26
-8.45864e-27
-2.17341e-26
-7.3354e-27
5.33663e-27
1.50845e-26
1.33727e-26
-1.81174e-27
-1.41994e-26
-1.09717e-26
7.57368e-27
1.24398e-26
-3.27337e-26
-2.96988e-26
-2.05505e-26
-1.89109e-26
-1.80436e-26
-7.62432e-27
1.60729e-26
3.67107e-26
3.48493e-26
-4.012e-27
-2.3068e-26
-2.15946e-26
-2.42789e-26
-1.48425e-26
-1.58773e-26
-1.20538e-26
-7.57519e-27
-8.51047e-27
-8.80367e-27
-1.72656e-26
-4.53079e-26
-4.47468e-26
-3.93576e-26
-4.14013e-26
-5.10265e-26
-3.95174e-26
-1.51009e-26
9.91969e-27
1.68101e-26
8.87901e-27
-2.88369e-28
-9.78788e-27
-7.18654e-27
-1.8202e-27
-2.4139e-27
2.67677e-27
1.27786e-26
-5.44498e-27
-3.42356e-26
-4.5415e-26
-3.55514e-26
-4.16499e-26
-4.30558e-26
-4.62441e-26
-3.69172e-26
-2.42014e-26
-1.4375e-26
-1.77336e-27
-3.869e-27
-1.39195e-26
-1.67852e-26
2.36407e-27
1.53721e-26
-5.55107e-28
-1.0698e-26
-3.96225e-27
-2.05934e-29
-1.17336e-26
-2.24184e-26
-2.42313e-26
-2.0477e-26
-2.61333e-26
-3.01185e-26
-3.15444e-26
-1.85709e-26
-4.67007e-27
1.21181e-27
7.50746e-29
-1.14375e-26
-2.38489e-26
-1.07921e-26
1.04429e-26
1.91132e-26
9.35527e-27
1.61233e-26
1.33397e-26
-4.59175e-27
-4.61181e-27
1.89807e-27
-3.95934e-27
7.638e-27
-1.5617e-27
-1.0502e-26
-9.7769e-27
-7.31722e-27
5.88814e-27
5.00137e-27
-6.29496e-27
-8.68385e-27
-7.68635e-27
6.39334e-27
1.14921e-26
8.21286e-27
1.14442e-26
2.47286e-26
2.55568e-26
1.38371e-26
2.45529e-26
3.35249e-26
1.96933e-26
2.95085e-26
1.49246e-26
8.8478e-27
1.06809e-26
7.71985e-27
7.88212e-27
3.71031e-27
-8.29062e-27
-9.09945e-27
2.10026e-27
3.30698e-27
-9.09632e-28
-1.45811e-26
-1.73435e-26
-4.03343e-28
1.31055e-26
1.87602e-26
3.65015e-26
5.32067e-26
4.8159e-26
1.25964e-26
4.45981e-27
7.17519e-27
1.53805e-26
2.00439e-26
1.89374e-26
7.3155e-27
-7.61674e-27
-1.63563e-26
-9.9434e-27
-7.5256e-28
-4.21071e-27
-1.99743e-26
-2.13495e-26
-9.60165e-27
7.00774e-27
1.59988e-26
3.4885e-26
4.87114e-26
3.73956e-26
6.40686e-27
6.63671e-27
7.98719e-27
1.25699e-26
3.28274e-26
3.12917e-26
9.17092e-27
-4.6341e-27
-1.24181e-26
-7.09678e-27
1.69738e-26
1.22573e-26
7.7231e-28
-2.50071e-27
9.6149e-28
1.26556e-26
1.39102e-26
2.21149e-26
3.05861e-26
2.17701e-26
-4.47214e-27
5.06663e-27
-4.03498e-27
7.54318e-27
3.0789e-26
3.45528e-26
1.03958e-26
-5.41475e-27
2.12262e-27
1.44705e-26
2.25764e-26
1.44514e-26
1.61968e-26
1.51828e-26
1.34069e-28
1.17892e-27
9.5515e-27
1.30266e-26
8.83678e-27
-5.38853e-27
-2.56989e-27
1.86799e-27
-7.28274e-27
4.46659e-30
1.03988e-26
2.09194e-26
6.35847e-27
-3.72935e-27
2.18938e-26
3.1502e-26
2.18403e-26
5.97685e-27
4.87771e-27
6.2666e-27
-1.77341e-26
-3.73479e-26
-2.0724e-26
-1.49115e-26
-1.00723e-26
-8.20136e-27
-4.17652e-27
-4.46815e-27
-9.56909e-27
-1.70292e-26
-9.60033e-27
6.89272e-27
2.81283e-27
5.13117e-27
2.62579e-26
3.4726e-26
1.59203e-26
-6.53821e-27
-3.29444e-27
-5.61654e-27
-2.91976e-26
-5.82904e-26
-5.69929e-26
-4.71514e-26
-3.1743e-26
-8.91452e-27
-1.91989e-26
-1.97013e-26
-2.90722e-26
-3.85736e-26
-3.34662e-26
-1.19668e-26
3.65779e-27
1.43185e-26
3.3432e-26
4.91731e-26
2.14879e-26
-6.75783e-27
-4.21717e-27
2.64313e-27
-1.19761e-26
-4.18812e-26
-5.60579e-26
-5.76524e-26
-4.40843e-26
-2.81149e-26
-2.52276e-26
-1.80974e-26
-3.36844e-26
-4.22215e-26
-3.92444e-26
-1.72307e-26
5.54671e-27
2.88402e-26
4.94033e-26
5.28911e-26
3.46205e-26
6.38705e-27
2.98091e-28
1.19743e-26
7.57186e-27
-1.42968e-26
-3.06888e-26
-4.32802e-26
-3.73437e-26
-3.29931e-26
-1.41117e-26
-1.71867e-26
-2.17641e-26
-3.17345e-26
-3.47787e-26
-1.83843e-26
-1.57891e-27
2.01653e-26
4.38368e-26
4.67864e-26
3.09174e-26
1.23636e-26
6.325e-27
3.50704e-28
4.00674e-27
4.03685e-27
-6.22019e-27
-1.67271e-26
-1.44018e-26
-1.76867e-26
1.42498e-26
1.42183e-26
3.24318e-27
-6.02734e-28
-1.28258e-26
-1.64356e-26
-1.411e-26
-1.98727e-27
2.12378e-26
3.59362e-26
2.33838e-26
1.36194e-26
4.76662e-27
-1.53806e-27
5.69414e-27
8.65551e-27
8.20379e-27
6.00534e-27
1.12904e-26
4.3295e-27
2.50308e-26
3.6118e-26
1.99947e-26
1.66037e-26
6.23428e-27
-7.53111e-27
-1.75864e-26
-1.94034e-26
7.11101e-27
2.83154e-26
2.70363e-26
2.52442e-26
1.72357e-26
1.14143e-26
1.1478e-26
6.09554e-27
6.58156e-27
1.06361e-26
1.20962e-26
1.26143e-27
1.62088e-26
2.78157e-26
3.30947e-26
2.54941e-26
1.15028e-26
-7.31664e-28
-8.92122e-27
-1.40296e-26
3.90271e-27
1.89609e-26
1.73277e-26
1.52669e-26
3.13603e-26
2.92767e-26
1.84557e-26
7.83248e-27
-7.43497e-28
7.83814e-27
8.85909e-27
2.64778e-27
1.92668e-26
3.12647e-26
3.33818e-26
3.26259e-26
2.29298e-26
7.69637e-27
-4.5145e-27
-1.43546e-26
-4.61568e-27
-9.22539e-28
6.06504e-27
1.16572e-26
2.83316e-26
3.30058e-26
1.89349e-26
4.72731e-27
-5.30938e-28
6.87091e-27
2.09208e-26
2.15252e-26
2.84193e-26
2.99891e-26
2.886e-26
3.16739e-26
2.73951e-26
2.11089e-26
1.68592e-26
4.33412e-27
2.15568e-27
-6.54934e-27
1.9097e-27
2.04972e-26
2.84038e-26
2.60695e-26
1.48864e-26
3.53957e-27
-1.93771e-27
7.07825e-28
1.79361e-26
2.63361e-26
2.90766e-27
2.16524e-27
4.935e-27
1.46367e-28
4.2777e-27
2.09901e-26
3.6315e-26
3.317e-26
1.89129e-26
-9.55337e-27
-8.95217e-27
5.95433e-27
1.71044e-26
1.61859e-26
1.34194e-26
8.78228e-27
-3.08169e-29
-5.67073e-27
-1.77492e-27
1.2383e-29
-3.49427e-26
-2.90076e-26
-2.5431e-26
-2.6732e-26
-3.17045e-26
-1.3427e-26
1.74831e-26
3.31706e-26
2.70055e-26
9.00965e-28
2.4878e-30
-7.83477e-27
-1.15949e-26
-9.9664e-28
4.00037e-27
5.09624e-27
6.41992e-27
-5.73638e-27
-2.13167e-26
-3.08173e-26
-2.92965e-26
-3.13618e-26
-2.41278e-26
-1.74013e-26
-2.37658e-26
-1.24462e-26
6.27213e-27
1.67586e-26
2.46098e-26
2.02163e-26
2.68919e-26
2.14479e-26
2.09514e-26
2.85141e-26
2.90728e-26
3.50243e-26
3.38385e-26
7.74246e-28
-2.80042e-26
-2.98586e-26
-2.44919e-26
-3.05126e-26
-3.43953e-26
-2.51784e-26
-7.61458e-27
8.04066e-27
7.12748e-27
1.1314e-26
1.98485e-26
-1.83644e-27
-3.50321e-27
1.28882e-26
2.27089e-26
1.48208e-26
3.09411e-27
5.18885e-27
4.87308e-27
-9.85353e-27
-1.45676e-26
-1.12551e-26
-2.85536e-26
-2.73794e-26
-2.5622e-26
-2.25651e-26
-1.66249e-27
1.97819e-26
1.94461e-26
1.729e-26
1.97573e-26
-1.5209e-26
-1.80756e-26
-3.91635e-28
1.35047e-26
1.36997e-26
1.16375e-26
1.78432e-27
-1.29134e-26
-3.31511e-27
5.81672e-27
-9.24402e-27
4.6123e-28
-6.96186e-27
-1.43323e-26
-1.13057e-26
-4.32907e-27
1.32576e-26
1.42962e-26
1.2397e-26
9.08062e-27
-9.85846e-27
-3.61409e-27
2.98221e-27
1.2365e-26
2.34633e-26
2.50866e-26
8.8175e-27
5.94986e-28
1.35277e-26
2.98381e-26
1.13483e-26
3.72297e-26
2.54126e-26
1.28252e-26
6.81259e-27
-3.9244e-27
-1.22831e-27
-3.34386e-27
-2.4056e-27
1.07458e-27
-3.2485e-27
2.94496e-27
-2.09e-27
-7.85146e-27
1.86208e-27
1.06146e-26
6.19728e-27
4.40616e-27
2.15578e-26
4.42092e-26
4.33112e-26
2.97376e-26
2.34977e-26
1.66434e-26
1.43323e-26
7.37686e-27
1.2165e-27
-3.02551e-27
-3.69763e-27
-1.75814e-28
-2.14477e-28
5.54402e-27
-1.1972e-26
-2.16717e-26
-1.72589e-26
-8.39794e-27
6.22983e-27
7.16926e-27
2.00748e-26
4.9578e-26
5.14273e-26
1.47956e-26
2.49319e-26
1.67495e-26
3.57806e-27
9.71615e-27
1.71103e-26
1.17754e-26
9.79434e-27
5.50761e-27
7.52681e-27
2.17593e-26
8.29734e-27
-5.96272e-27
-1.66364e-26
-9.97934e-27
3.21267e-27
2.7752e-27
9.70998e-27
2.88071e-26
3.17971e-26
3.60202e-27
8.80953e-27
1.02089e-27
-5.31548e-27
7.9481e-27
2.05732e-26
1.62553e-26
1.26378e-26
1.75073e-26
2.20599e-26
2.4733e-26
8.32418e-27
1.72964e-27
-1.60168e-27
-5.09235e-27
-7.55711e-27
-5.92407e-27
2.21513e-27
8.11338e-27
4.25174e-27
1.65091e-26
3.92082e-27
-1.09615e-26
-4.81716e-27
-3.37955e-27
7.82324e-27
8.74062e-27
9.03287e-27
3.09694e-26
3.72724e-26
1.90545e-26
-8.63464e-27
-1.9666e-26
-9.92735e-27
-2.10331e-26
-2.79695e-26
-2.26345e-26
-2.24179e-26
-1.17756e-26
3.57755e-27
9.95047e-27
5.95817e-27
-2.40012e-27
-8.0752e-27
-1.51524e-26
-2.38063e-27
-7.63127e-27
4.02362e-28
2.75908e-26
3.2954e-26
1.46804e-26
-1.82253e-26
-2.68289e-26
-1.93287e-26
-3.01998e-26
-4.13981e-26
-4.65258e-26
-4.84419e-26
-3.74335e-26
-7.4787e-27
-1.97675e-26
-1.17295e-26
-1.7752e-26
-3.11982e-26
-3.59849e-26
-2.09117e-26
-1.80599e-26
7.54236e-27
3.08496e-26
4.30581e-26
1.94714e-26
-1.31101e-26
-1.72535e-26
-8.49661e-27
-1.46358e-26
-3.3645e-26
-4.83269e-26
-5.58907e-26
-4.74572e-26
-3.37897e-26
-2.79914e-26
-2.27951e-26
-3.33041e-26
-5.09644e-26
-4.5963e-26
-2.03053e-26
-7.08132e-27
1.73126e-26
3.64193e-26
3.57665e-26
1.91257e-26
-6.40691e-27
-3.66826e-27
4.16355e-27
-1.39575e-27
-1.88199e-26
-2.93732e-26
-4.1262e-26
-4.18975e-26
-4.12699e-26
-3.01078e-26
-2.97693e-26
-2.99234e-26
-4.13466e-26
-3.16608e-26
-1.31066e-26
3.88869e-28
1.20735e-26
3.05127e-26
3.30171e-26
1.26031e-26
1.66014e-27
2.3616e-27
-5.13497e-27
-1.89771e-27
3.95278e-27
-4.79661e-28
-1.08017e-26
-2.25461e-26
-3.23708e-26
-1.18429e-26
-3.31874e-27
-3.81482e-27
-3.29864e-27
-4.59772e-27
-5.17318e-27
-5.22678e-27
-4.06821e-27
5.56806e-27
2.80668e-26
1.06608e-26
-1.45003e-27
-8.08827e-27
-1.71697e-26
-1.19763e-26
2.46629e-27
1.33463e-26
4.52417e-27
-6.80191e-27
-1.69656e-26
-5.70708e-27
1.52614e-26
7.07586e-27
7.86629e-27
2.02261e-27
-3.08672e-27
-6.70717e-27
-1.47723e-26
-1.44049e-26
8.97473e-27
1.26159e-26
2.95769e-27
-8.63592e-27
-1.67334e-26
-2.58161e-26
-1.96537e-26
-8.2949e-27
-1.11998e-26
-1.72027e-26
-2.35796e-26
-8.073e-28
1.25513e-26
1.29286e-26
4.61369e-27
-2.27052e-27
-5.42338e-27
-1.52764e-26
-2.94785e-26
-2.40099e-26
-5.32458e-27
4.09252e-27
1.50862e-27
1.53283e-27
5.9138e-27
-1.54294e-26
-1.74857e-26
-1.26842e-26
-1.21221e-26
-1.08293e-26
-9.55943e-27
1.38034e-26
2.12284e-26
2.04015e-26
1.06044e-26
2.60549e-27
-4.43275e-27
-2.32933e-26
-2.94307e-26
-1.94808e-26
-2.09847e-26
-7.68532e-27
-7.24297e-27
-2.33323e-27
9.60397e-27
-7.9382e-27
-9.86752e-27
5.14496e-27
6.46663e-27
1.82663e-28
3.99816e-27
1.97526e-26
1.88781e-26
1.79057e-26
1.08106e-26
2.87206e-27
5.27739e-27
2.66139e-27
-5.16403e-27
-5.79604e-27
-1.12625e-26
1.83342e-27
5.24762e-27
3.53681e-27
4.9752e-28
-8.31364e-27
-4.74446e-27
9.00759e-27
5.46768e-27
1.02892e-26
2.17196e-26
6.27529e-27
3.75248e-27
1.4029e-27
-3.02641e-27
1.5997e-27
1.59672e-26
1.83031e-26
1.32741e-26
5.74171e-28
-7.20335e-27
1.44038e-26
2.35973e-26
1.52713e-26
7.60905e-27
9.40577e-27
1.68611e-26
2.70583e-27
-1.18116e-26
-4.74198e-27
5.30848e-27
-2.21956e-26
-1.70895e-26
-1.45651e-26
-1.58654e-26
-2.01378e-26
-3.64571e-27
1.65957e-26
2.01989e-26
1.06035e-26
6.00377e-27
2.69576e-26
2.38956e-26
1.38101e-26
2.24469e-26
2.7944e-26
3.37757e-26
2.14191e-26
-5.72186e-27
-2.781e-26
-2.78099e-26
-1.42328e-26
-2.22362e-26
-1.70379e-26
2.16014e-27
1.55808e-26
2.67661e-26
2.88825e-26
2.95146e-26
3.53429e-26
3.03187e-26
3.5816e-26
3.5142e-26
3.26774e-26
4.39143e-26
4.65089e-26
6.04849e-26
4.93418e-26
1.74126e-26
-2.13139e-27
-1.08143e-26
-1.67421e-26
-2.86851e-26
-2.2252e-26
6.80694e-28
2.11349e-26
2.73419e-26
1.89917e-26
2.09105e-26
3.19572e-26
1.3122e-26
5.8119e-27
6.16509e-27
9.65674e-27
2.42711e-26
2.60576e-26
3.27633e-26
2.61151e-26
9.31756e-27
-4.40465e-27
-5.0605e-27
-2.69131e-26
-2.99836e-26
-2.3337e-26
-1.40638e-26
-7.41722e-28
2.03052e-26
2.35459e-26
1.83452e-26
1.45029e-26
-1.4836e-26
-2.08896e-26
-7.90585e-27
-1.17236e-27
1.53639e-26
1.29124e-26
7.11237e-27
7.25758e-27
7.5059e-27
3.90891e-27
-1.28151e-26
-4.66783e-27
-1.39409e-26
-2.21369e-26
-2.59409e-26
-1.6958e-26
3.22349e-27
1.69809e-26
1.8924e-26
8.37838e-27
-5.43072e-27
-9.15338e-27
-4.19494e-27
9.12416e-27
2.55727e-26
2.64934e-26
1.25763e-26
1.6483e-26
1.72513e-26
1.25863e-26
-1.07827e-27
3.66353e-26
2.28481e-26
3.18313e-27
-1.05057e-26
-1.6593e-26
-9.90848e-27
-1.81967e-27
3.91499e-27
6.11861e-27
-2.18018e-27
-9.69323e-27
-1.72434e-26
-9.59663e-27
1.47828e-26
2.35899e-26
1.61065e-26
1.88487e-26
2.21333e-26
2.51123e-26
3.32317e-26
4.20408e-26
2.99728e-26
5.62035e-27
-8.15061e-28
-6.05758e-27
-7.43189e-27
-2.48724e-27
-3.65359e-27
2.22778e-27
-1.78014e-27
-1.38946e-26
-3.09296e-26
-2.9647e-26
-1.14448e-26
3.21066e-28
9.39142e-27
1.17495e-26
1.1668e-26
3.44079e-26
4.85717e-26
2.16199e-26
1.26966e-26
-1.8618e-27
-8.09683e-27
-6.35757e-27
5.78578e-27
2.096e-26
1.45276e-26
6.40614e-27
7.54167e-27
-3.14355e-28
-1.6223e-26
-2.51667e-26
-2.38477e-26
-1.59974e-26
-5.26582e-27
4.12636e-27
4.4028e-27
1.43769e-26
2.40201e-26
-1.30798e-27
-1.57676e-26
-1.44567e-26
-1.87292e-26
-1.5504e-26
2.94675e-27
1.80209e-26
2.33493e-26
2.42208e-26
2.41261e-26
1.14281e-26
-7.74308e-27
-1.94642e-26
-1.6891e-26
-1.16079e-26
-1.29414e-26
-5.83824e-27
1.40399e-27
1.07971e-26
9.62287e-27
7.5141e-27
-1.43279e-26
-2.03067e-26
-1.47943e-26
-1.99557e-26
-1.35966e-26
-3.62676e-27
1.60329e-26
4.10559e-26
4.21451e-26
1.85495e-26
-1.94393e-26
-3.14252e-26
-2.14419e-26
-1.96112e-26
-1.7807e-26
-1.8343e-26
-1.35468e-26
6.64326e-27
1.42838e-26
-2.19835e-28
-7.04134e-27
-1.24974e-26
-4.5293e-27
-1.19138e-26
-7.36465e-27
-5.79485e-27
9.3538e-27
4.06603e-26
4.41902e-26
2.57028e-26
-1.88086e-26
-3.29728e-26
-2.8702e-26
-2.76724e-26
-2.98294e-26
-3.60392e-26
-3.92596e-26
-3.30667e-26
-1.3079e-26
-2.24802e-26
-1.04849e-26
-1.60649e-26
-2.05211e-26
-1.75365e-26
-5.62571e-27
-5.5263e-27
1.24239e-26
3.5355e-26
4.03799e-26
2.84359e-26
-1.73211e-27
-2.20453e-26
-1.6301e-26
-1.79509e-26
-2.9107e-26
-3.7606e-26
-5.49017e-26
-4.66245e-26
-3.59612e-26
-2.50442e-26
-1.75358e-26
-2.67965e-26
-3.60755e-26
-1.89278e-26
2.18076e-28
2.09067e-27
8.81112e-27
1.80742e-26
2.24801e-26
1.83257e-26
3.23682e-27
-1.16274e-26
-2.98297e-27
-8.405e-27
-2.27724e-26
-2.98254e-26
-4.31627e-26
-3.42426e-26
-3.84618e-26
-1.71727e-26
-2.40082e-26
-3.66479e-26
-3.49743e-26
-1.08813e-26
-2.6587e-27
1.10776e-27
-4.87459e-27
-3.60331e-27
8.05874e-27
1.53769e-26
5.04406e-27
-4.80674e-27
-7.6384e-27
-8.2525e-27
-3.60164e-27
-4.20181e-27
-7.03182e-27
-1.46529e-26
-2.58331e-26
-1.45581e-26
-1.81941e-26
-1.70214e-26
-1.47724e-26
-9.6755e-27
-6.96595e-27
-4.6142e-27
-1.50201e-26
-2.09762e-26
-4.33073e-27
6.85543e-27
5.03891e-28
-8.14877e-27
-2.16456e-26
-2.4241e-26
-9.21545e-27
5.18405e-27
5.0146e-27
-8.60751e-27
-1.88771e-26
-1.52198e-26
-1.03086e-26
-6.83798e-27
-1.43695e-26
-1.8728e-26
-5.59562e-27
-1.35769e-28
-1.24483e-26
-2.90314e-26
-1.63969e-26
-4.2968e-27
-1.42642e-26
-2.41387e-26
-3.10226e-26
-4.24442e-26
-3.06539e-26
-1.5066e-26
-1.83841e-26
-2.50691e-26
-2.82963e-26
-1.01796e-26
4.17676e-27
-1.89319e-27
-2.32164e-26
-1.88064e-26
-7.34912e-27
-1.7075e-26
-2.86357e-26
-3.3143e-26
-2.69965e-26
-2.42207e-26
-3.00434e-26
-2.41781e-26
-9.61116e-27
-2.1844e-26
-2.7242e-26
-2.28484e-26
-2.66738e-26
-1.73795e-26
-1.8772e-26
1.30187e-26
2.72528e-26
1.11466e-26
-9.60778e-27
-1.57543e-26
-1.47658e-26
-3.15038e-26
-3.41169e-26
-2.47747e-26
-3.06695e-26
-2.96194e-26
-2.72061e-26
-2.19578e-26
-4.81029e-27
-7.44131e-27
-9.28784e-27
-6.96061e-27
-9.17413e-27
-4.45534e-27
2.51555e-27
2.12354e-26
2.50804e-26
1.62425e-26
2.70638e-27
-1.08506e-26
-1.22468e-26
-1.23045e-26
-6.88484e-27
-9.78884e-27
-1.96045e-26
-7.60718e-27
-3.2355e-28
-1.35156e-26
-1.00566e-26
-3.88893e-27
1.14205e-26
7.95612e-27
-3.37807e-27
6.23904e-27
1.44889e-26
1.22335e-26
1.24238e-26
7.25996e-27
-5.58549e-27
-9.6992e-28
3.52862e-27
2.26552e-28
4.05804e-27
-6.96711e-27
-4.66019e-27
2.39559e-26
3.11602e-26
1.24584e-26
6.32954e-27
1.44052e-26
2.52674e-26
1.97041e-27
-6.67458e-27
7.12849e-27
1.20521e-26
-3.49717e-27
-9.80993e-27
-8.51593e-27
-3.67022e-27
6.25214e-27
1.48578e-26
1.86811e-26
1.69012e-26
8.9316e-27
1.25598e-26
3.56822e-26
4.11085e-26
3.1216e-26
2.93337e-26
2.88477e-26
3.99158e-26
2.54137e-26
8.39773e-27
-9.65212e-28
-4.76847e-27
-1.07302e-26
-2.30132e-26
-1.78102e-26
9.93714e-27
2.16376e-26
3.66845e-26
3.59398e-26
2.73552e-26
2.77457e-26
3.59349e-26
4.44276e-26
3.28395e-26
1.79288e-26
2.98842e-26
4.95837e-26
7.48326e-26
5.55058e-26
2.24656e-26
-4.21361e-27
-1.149e-26
-2.51036e-26
-3.86316e-26
-1.75009e-26
1.2531e-26
3.00695e-26
2.84833e-26
1.76171e-26
1.56686e-26
1.94377e-26
1.35939e-26
1.81416e-26
1.152e-26
4.09052e-27
1.86957e-26
3.75341e-26
5.44201e-26
4.77982e-26
1.8848e-26
-5.86499e-27
-1.5125e-26
-2.91685e-26
-3.81049e-26
-2.01884e-26
4.66685e-27
1.52965e-26
1.9633e-26
2.10868e-26
6.55126e-27
-6.4473e-27
-1.76588e-26
-1.67637e-26
-1.38524e-26
-7.84366e-27
8.80728e-27
1.88375e-26
2.46639e-26
3.11324e-26
1.49876e-26
-2.63171e-27
-1.65646e-26
-7.62187e-27
-1.39756e-26
-1.24421e-26
-9.04078e-27
1.12105e-27
1.25743e-26
2.3017e-26
9.79091e-27
-4.08256e-27
-3.0622e-27
-7.43706e-27
-1.58725e-26
-7.32705e-27
7.69453e-27
2.23322e-26
2.38571e-26
3.10789e-26
1.57982e-26
7.47241e-28
-7.85553e-27
2.5241e-26
1.47673e-26
-4.44942e-27
-1.14938e-26
-1.53225e-26
-1.07988e-26
4.03527e-27
3.56418e-27
4.03724e-27
1.20872e-26
-1.30787e-27
-2.75864e-26
-2.456e-26
1.90185e-27
1.7686e-26
2.55573e-26
2.71946e-26
5.70477e-27
-3.70137e-27
4.44473e-27
2.85374e-26
2.10277e-26
-1.32825e-26
-1.82652e-26
-2.37416e-26
-2.33959e-26
-1.00567e-26
-2.30959e-27
3.57615e-27
2.33068e-27
-1.15865e-26
-4.0406e-26
-3.88211e-26
-1.43193e-26
2.09266e-27
7.43005e-27
1.10807e-26
-8.60334e-28
-1.67256e-27
1.14532e-26
1.5177e-26
8.57594e-27
-1.21369e-26
-1.91945e-26
-2.52834e-26
-1.65957e-26
-2.6499e-27
-2.03068e-27
-1.15795e-27
1.98285e-27
-1.35614e-26
-3.86011e-26
-3.90499e-26
-2.40741e-26
-5.04984e-27
-5.3234e-27
2.51183e-27
2.25183e-27
6.30386e-27
1.68536e-26
-5.18142e-27
-4.39989e-27
-2.41309e-27
-1.3996e-26
-2.74034e-26
-1.95235e-26
-5.22856e-27
3.60737e-27
1.03007e-26
8.22506e-27
-9.12306e-27
-2.29234e-26
-2.67365e-26
-1.69811e-26
-7.64608e-27
-1.14651e-26
3.81661e-27
1.16449e-26
2.03965e-26
1.35882e-26
-6.9354e-28
-6.78498e-27
-4.68441e-27
-8.6038e-27
-2.40065e-26
-2.58557e-26
-1.5231e-26
5.09486e-27
3.06173e-26
3.3743e-26
8.24304e-27
-1.52377e-26
-1.63098e-26
-1.3809e-26
-1.28104e-26
-1.15017e-26
-5.89205e-28
1.30703e-26
2.29232e-26
2.02887e-26
-1.36218e-26
-1.47057e-26
-1.25942e-26
1.45063e-27
-3.64349e-27
-3.0994e-27
-4.62407e-27
1.02047e-26
4.20577e-26
5.26598e-26
3.73533e-26
5.64741e-27
-9.18336e-27
-1.65496e-26
-1.5984e-26
-1.35229e-26
-1.72872e-26
-2.28896e-26
-1.55132e-26
-1.14361e-26
-2.39327e-26
-1.99044e-26
-1.82405e-26
-3.17088e-27
4.26237e-27
5.92515e-27
4.33378e-27
9.95021e-27
2.39542e-26
3.56471e-26
4.2933e-26
1.89621e-26
-2.85617e-27
-1.21891e-26
-1.59529e-26
-2.50889e-26
-2.72927e-26
-3.83631e-26
-3.28857e-26
-2.93748e-26
-1.65489e-26
-1.76925e-26
-2.12859e-26
-1.51313e-26
3.86393e-27
1.49637e-26
9.99039e-27
-5.15453e-27
-7.0902e-27
8.64933e-27
2.1823e-26
7.05673e-27
-8.25082e-27
-3.18087e-27
-9.3156e-27
-2.30881e-26
-2.37363e-26
-2.81441e-26
-2.07502e-26
-2.40897e-26
2.26093e-29
-1.32823e-26
-2.6969e-26
-1.37393e-26
7.82767e-27
1.23186e-26
1.91415e-27
-1.47893e-26
-1.97801e-26
-5.1352e-27
2.88218e-27
6.68429e-28
-4.87638e-27
-6.88493e-28
-6.85672e-27
-1.43203e-26
-4.55699e-27
2.46728e-27
-2.73647e-27
-8.35186e-27
8.36793e-27
-1.19987e-26
-2.50985e-26
-1.82374e-26
-5.55708e-27
-2.70278e-27
-5.15278e-27
-1.29387e-26
-2.01364e-26
-1.48155e-26
-9.18566e-27
-1.14158e-26
-7.97226e-27
-1.23914e-26
-1.30596e-26
-1.03643e-26
6.33481e-27
2.25416e-26
1.21243e-26
8.13255e-27
4.89065e-27
-1.2649e-26
-1.35419e-26
-2.7848e-26
-3.4485e-26
-2.05369e-26
-7.68855e-27
-1.00428e-26
-1.8896e-26
-1.56834e-26
-2.1885e-26
-3.85352e-26
-3.53744e-26
-2.89914e-26
-2.53989e-26
-1.61275e-26
-1.09126e-26
-7.0518e-27
-9.61151e-27
3.92031e-27
1.51581e-27
3.4664e-27
-9.89511e-27
-4.03483e-26
-3.96968e-26
-1.76806e-26
-2.26581e-26
-2.77279e-26
-2.12494e-26
-2.43304e-26
-3.90814e-26
-5.16652e-26
-4.15799e-26
-1.68491e-26
-4.29804e-27
-5.46063e-27
-1.91707e-26
-2.27289e-26
-1.12127e-26
-3.24963e-27
1.67597e-26
2.66558e-26
1.71233e-27
-2.61437e-26
-2.68757e-26
-1.55515e-26
-3.05582e-26
-3.97736e-26
-2.2021e-26
-2.59278e-26
-3.61068e-26
-3.44919e-26
-2.15512e-26
-1.57484e-27
9.72418e-27
6.14941e-27
-7.56561e-27
-3.14983e-27
5.93863e-27
7.92647e-27
2.66176e-26
3.52022e-26
1.55021e-26
-1.02161e-26
-1.31309e-26
-1.56942e-26
-2.23224e-26
-2.09036e-26
-1.73447e-26
-1.64707e-26
-1.46053e-26
-9.38178e-27
-3.51977e-27
5.88394e-27
1.67377e-26
1.24345e-26
4.11586e-27
1.78733e-27
1.13228e-26
1.72666e-26
2.46213e-26
2.98117e-26
1.54089e-26
-4.57036e-27
-3.95454e-27
2.82212e-27
-7.88621e-27
-7.67343e-27
-1.33255e-27
4.36933e-27
1.9215e-26
2.29161e-26
1.91658e-26
1.73509e-26
1.98131e-26
1.81029e-26
3.67988e-28
-6.73271e-28
6.60076e-27
1.05931e-26
7.52448e-27
-4.94099e-27
-8.40014e-27
-4.78079e-28
5.6205e-27
2.18609e-26
2.4551e-26
1.36303e-26
1.37494e-26
2.47173e-26
4.02719e-26
3.84299e-26
2.78605e-26
2.56204e-26
2.53568e-26
4.28715e-26
2.53071e-26
8.25838e-27
1.92483e-27
4.15785e-27
-6.58001e-27
-2.32874e-26
-2.2204e-26
4.08186e-28
8.87256e-27
1.92148e-26
2.23149e-26
2.24836e-26
1.64627e-26
2.31414e-26
3.442e-26
3.21364e-26
2.21013e-26
2.87435e-26
4.33652e-26
6.96333e-26
5.33544e-26
1.05868e-26
-3.07639e-27
-8.32342e-27
-2.41684e-26
-4.20003e-26
-2.51375e-26
5.04914e-27
1.92749e-26
1.74783e-26
1.04667e-26
7.0265e-27
4.67071e-28
3.90338e-27
2.2691e-26
2.80916e-26
1.4264e-26
2.16127e-26
3.23939e-26
5.04069e-26
4.95072e-26
1.44417e-26
-1.48895e-27
-9.46215e-27
-2.88084e-26
-4.27963e-26
-2.04563e-26
5.12963e-27
1.60642e-26
1.74701e-26
2.00251e-26
4.91511e-27
-1.31222e-26
-1.13371e-26
-4.43714e-27
8.03729e-28
-2.94198e-27
9.30536e-27
1.4667e-26
1.34719e-26
1.68598e-26
7.0972e-27
-3.90498e-27
-1.37018e-26
-1.72909e-26
-1.62481e-26
-3.75673e-27
9.07339e-27
1.47597e-26
1.76687e-26
2.62135e-26
6.87225e-27
-8.18401e-27
2.88116e-28
-9.3744e-27
-2.2674e-26
-2.29551e-26
-9.1718e-27
5.18413e-27
4.29159e-27
4.6773e-27
3.83138e-27
-7.74354e-27
-1.85777e-26
5.47483e-28
9.51613e-27
-9.31709e-28
-8.7451e-27
-8.88712e-27
-7.2483e-27
-4.19973e-27
-1.26073e-26
-3.92837e-27
6.08475e-27
-1.15074e-26
-3.86092e-26
-4.68569e-26
-2.50098e-26
3.70524e-28
9.32966e-27
5.86017e-27
-5.81724e-27
-1.57319e-26
-1.81612e-26
1.36744e-26
1.89775e-26
-9.45122e-27
-3.10574e-26
-3.95933e-26
-3.74013e-26
-3.3014e-26
-2.14674e-26
-7.12164e-27
-3.11811e-27
-1.54883e-26
-4.47433e-26
-4.54812e-26
-2.40518e-26
-1.66147e-27
-1.71084e-28
1.39068e-27
-7.98781e-27
-1.71933e-26
-1.04037e-26
1.32065e-26
2.36374e-26
2.3906e-27
-2.60243e-26
-3.91079e-26
-3.03291e-26
-2.56565e-26
-2.67243e-26
-1.48823e-26
-7.85615e-27
-2.04467e-26
-4.36547e-26
-4.12839e-26
-2.14444e-26
-1.45479e-27
-4.52888e-28
7.17764e-27
9.89664e-27
1.26518e-26
1.03893e-26
1.19495e-26
1.99367e-26
1.13308e-26
-1.12034e-27
-1.6085e-26
-2.01036e-26
-2.44878e-26
-1.90096e-26
-8.93069e-27
-7.02311e-27
-2.04267e-26
-3.75758e-26
-3.15135e-26
-1.25614e-26
5.45204e-27
7.93069e-27
2.46306e-26
3.61249e-26
3.77703e-26
2.02858e-26
1.47922e-26
1.11882e-26
-3.63886e-28
-8.31336e-27
-1.50683e-26
-1.92138e-26
-1.63893e-26
-7.47858e-27
7.04658e-27
2.11239e-26
7.41375e-27
-1.37905e-26
-5.9097e-27
8.67764e-27
1.38132e-26
1.23774e-26
3.07448e-26
4.10495e-26
3.16592e-26
2.6309e-26
1.78242e-27
-2.89402e-27
-1.80334e-26
-1.5433e-26
-9.50963e-27
-8.07086e-27
-5.10552e-27
2.01288e-27
1.84389e-26
3.62839e-26
4.20933e-26
2.48556e-26
1.29865e-26
3.56033e-29
1.67774e-27
2.28745e-27
1.23291e-26
6.49562e-27
2.28915e-27
1.06047e-26
-1.61905e-26
-2.28517e-26
-2.31539e-26
-1.76394e-26
-1.14123e-26
-6.72024e-28
-1.05276e-27
1.00645e-28
4.27263e-27
1.9367e-26
3.58775e-26
2.74971e-26
1.35524e-26
-7.0539e-27
-1.24282e-26
-1.82438e-26
-1.31283e-26
-1.78144e-26
-2.45388e-26
-1.31408e-26
-1.82099e-26
-1.40423e-26
-1.67091e-26
-1.54981e-26
-2.81395e-28
1.25357e-26
1.03688e-26
-6.92792e-27
-1.74212e-26
-4.81445e-27
6.78663e-27
7.25055e-27
-1.15198e-27
-5.50848e-27
-1.98842e-26
-2.99841e-26
-2.09674e-26
-2.56308e-26
-2.5829e-26
-1.78976e-26
9.42396e-29
-2.32535e-27
-9.601e-27
-5.28012e-27
7.30462e-27
1.06206e-26
4.19998e-27
-1.39374e-26
-2.02561e-26
-1.52985e-26
-1.37649e-26
-8.7326e-27
-4.72362e-27
1.65275e-27
-8.88341e-27
-1.82979e-26
-6.08026e-27
-2.50429e-27
-7.31486e-27
-4.82783e-27
1.42397e-26
4.51641e-27
-7.65326e-27
-1.10749e-26
-1.15478e-26
-7.4776e-27
-3.44689e-27
-5.05743e-27
-7.65526e-27
-1.25983e-26
-2.5468e-26
-3.28613e-26
-1.33546e-26
5.45341e-28
-2.45747e-27
-4.95192e-27
3.65908e-27
1.89442e-26
2.27985e-26
1.67823e-26
1.72438e-26
-9.86907e-29
-9.70091e-28
-2.32384e-26
-3.74311e-26
-3.39692e-26
-1.87804e-26
-1.14932e-26
-1.50875e-26
-2.02864e-26
-3.9673e-26
-5.40238e-26
-4.35801e-26
-2.3278e-26
-1.63217e-26
-1.61399e-26
-1.00823e-26
2.00924e-27
1.54832e-26
2.59231e-26
1.8005e-26
1.37795e-26
-1.99618e-27
-3.76944e-26
-4.14841e-26
-3.5449e-26
-3.17213e-26
-2.44286e-26
-1.5426e-26
-2.27754e-26
-4.97239e-26
-6.16673e-26
-4.80333e-26
-1.93744e-26
1.16019e-27
2.6543e-27
-1.22217e-26
-1.12863e-26
1.27835e-27
1.40708e-26
1.64604e-26
2.09715e-26
6.06045e-28
-2.19233e-26
-2.65193e-26
-2.38675e-26
-3.75197e-26
-3.61031e-26
-1.58381e-26
-1.86777e-26
-3.86712e-26
-3.41039e-26
-1.40075e-26
2.73857e-27
1.68404e-26
1.65466e-26
4.17789e-27
1.24054e-26
2.10101e-26
1.40702e-26
2.12625e-26
2.40507e-26
8.63981e-27
-1.02781e-26
-9.81444e-27
-7.82567e-27
-3.24069e-26
-3.67939e-26
-2.45124e-26
-1.09727e-26
-1.4371e-26
-1.67723e-26
2.32298e-27
1.73168e-26
1.99253e-26
9.50516e-27
1.40161e-26
2.75068e-26
2.65932e-26
2.19734e-26
2.29547e-26
2.00211e-26
-2.14321e-27
-8.19449e-27
2.60904e-27
1.15291e-26
-1.00454e-26
-1.31434e-26
-5.10061e-27
4.81565e-27
8.46033e-27
5.70623e-27
1.73209e-26
3.13819e-26
2.36076e-26
1.04216e-26
8.04842e-28
6.91125e-27
8.1181e-27
1.36759e-26
5.46372e-27
-5.10113e-27
-1.62619e-26
-1.00958e-26
3.3727e-27
2.19685e-26
1.90723e-26
1.48697e-26
1.49181e-26
1.84978e-26
1.96659e-26
1.94163e-26
2.35596e-26
2.79756e-26
2.76032e-26
3.34429e-26
2.13591e-26
3.28084e-27
-4.34307e-27
-2.51989e-28
-1.07141e-26
-2.39863e-26
-1.78693e-26
5.38361e-28
1.2415e-26
1.76654e-26
1.44293e-26
1.15285e-26
3.49052e-28
-3.16296e-27
4.65578e-27
2.53594e-26
3.75396e-26
4.88924e-26
4.58203e-26
4.86597e-26
2.94465e-26
-4.71947e-27
-1.31176e-26
-8.10814e-27
-1.09637e-26
-3.02202e-26
-2.55502e-26
-1.43038e-27
1.76525e-26
2.55218e-26
1.90646e-26
9.28704e-27
2.06542e-27
5.96301e-27
1.76272e-26
3.0661e-26
3.12638e-26
3.5878e-26
3.12013e-26
2.62745e-26
1.66107e-26
-1.08284e-27
-5.89998e-27
-2.90242e-27
-1.73227e-26
-3.2077e-26
-1.73519e-26
2.58293e-27
1.92041e-26
3.07303e-26
3.18402e-26
1.3873e-26
-1.82965e-27
5.69228e-27
1.2616e-26
1.84792e-26
1.28009e-26
7.03903e-27
-2.81831e-27
-1.16946e-26
-1.18483e-26
-2.94745e-27
-5.8805e-27
-1.05338e-26
-1.39818e-26
-9.2462e-27
-1.26273e-27
1.48977e-26
2.05851e-26
2.85564e-26
2.67737e-26
4.45859e-27
-6.29536e-27
3.47054e-28
-1.53122e-27
-5.70915e-27
-1.47977e-26
-1.95912e-26
-1.31125e-26
-1.89156e-26
-1.33745e-26
1.25407e-27
-1.26444e-26
-1.94336e-26
-4.74495e-27
1.17739e-26
9.81326e-27
2.05652e-27
2.91385e-27
3.52984e-27
-2.85316e-27
-1.0967e-26
-9.54617e-27
-1.33864e-27
-8.28832e-27
-2.29688e-26
-4.22004e-26
-3.74039e-26
-1.44157e-26
-9.16161e-27
-5.75945e-28
-3.91574e-27
-1.20791e-26
-1.67525e-26
1.28542e-26
2.89258e-26
1.20353e-26
-1.71793e-26
-2.91183e-26
-2.52102e-26
-2.11123e-26
-2.04611e-26
-1.63542e-26
-1.69642e-27
-7.74568e-27
-2.26982e-26
-3.5095e-26
-3.29216e-26
-1.11994e-26
-5.3581e-28
1.06577e-26
4.4476e-27
-4.37601e-27
-6.59959e-27
1.91817e-26
2.65442e-26
7.23461e-27
-8.65874e-27
-1.87022e-26
-1.23617e-26
-1.29376e-26
-2.05763e-26
-1.7967e-26
-3.69501e-27
-1.63372e-27
-1.66724e-26
-3.138e-26
-2.64321e-26
-8.76492e-27
-4.77561e-27
1.19923e-26
2.23801e-26
1.55916e-26
8.30583e-27
1.68066e-26
1.41945e-26
3.37756e-27
4.53383e-27
9.37397e-27
4.51172e-27
-1.29383e-26
-1.82889e-26
-1.58043e-26
-6.00314e-27
-3.17998e-29
-1.89594e-26
-3.2217e-26
-1.90368e-26
-4.10516e-27
9.01076e-27
2.77265e-26
4.3603e-26
4.01539e-26
2.3682e-26
2.50537e-26
9.2075e-27
-9.5276e-27
-1.78286e-26
-1.33623e-27
-1.59256e-27
-1.94572e-26
-2.44686e-26
-1.5196e-26
4.88443e-27
1.78988e-26
-2.64666e-27
-1.16655e-26
3.68648e-27
1.12504e-26
1.50701e-26
3.75017e-26
4.73174e-26
3.52246e-26
3.21836e-26
2.72678e-26
2.42997e-27
-2.87489e-26
-3.44021e-26
-2.18759e-26
-1.50314e-26
-2.10188e-26
-1.64643e-26
-4.07421e-27
1.86503e-26
3.31519e-26
2.38905e-26
3.6014e-27
-1.21856e-27
3.82466e-27
2.49369e-27
1.69069e-26
1.9189e-26
1.67722e-26
2.74082e-26
5.89223e-27
-1.01055e-26
-3.57294e-26
-3.66692e-26
-2.67337e-26
-1.99934e-26
-2.07939e-26
-1.19721e-26
-3.13139e-27
1.45787e-26
2.57396e-26
1.40012e-26
-7.43476e-27
-1.37625e-26
-1.3118e-26
-9.62697e-27
-4.68514e-27
-1.00614e-26
-9.6421e-27
5.2192e-27
-1.07391e-26
-1.42121e-26
-2.20191e-26
-2.07733e-26
-7.47507e-27
-9.08938e-27
-9.41308e-27
-1.02664e-26
-4.4602e-27
-2.83614e-27
5.9935e-28
1.16096e-27
-1.11417e-26
-1.25049e-26
-1.77305e-26
-1.5835e-26
-1.17556e-26
-2.44723e-26
-2.55937e-26
-8.32399e-27
-1.17464e-27
-6.01651e-27
-1.01474e-26
-1.21455e-26
9.67454e-28
-3.9866e-27
-1.90911e-27
-4.56674e-27
-8.14761e-27
-1.71242e-26
-2.38004e-26
-1.58564e-26
-1.20575e-26
-7.36295e-27
-5.46228e-27
-4.45274e-27
-1.08556e-27
-7.24575e-27
-8.16101e-27
3.40884e-27
6.45131e-27
4.86827e-27
-3.93493e-28
-4.81788e-27
-7.29005e-27
-8.30278e-27
5.43752e-27
3.48044e-27
5.06154e-27
-1.18837e-26
-3.79925e-26
-4.60449e-26
-2.7457e-26
-4.93304e-27
3.82948e-27
4.85888e-27
2.87539e-27
6.15604e-27
9.51827e-27
8.24214e-27
9.74963e-27
4.01234e-27
6.04186e-27
-2.76062e-27
-9.33346e-27
-1.67618e-26
-3.50385e-27
-6.9912e-27
-1.06972e-26
-3.54481e-26
-5.81467e-26
-6.29045e-26
-4.50172e-26
-2.12731e-26
-1.52829e-26
-9.98865e-27
-2.8349e-27
-7.05699e-27
3.07801e-27
1.70428e-26
1.16423e-27
6.73786e-27
1.56993e-26
-4.18145e-27
-1.58913e-26
-3.12907e-26
-2.2286e-26
-2.18949e-26
-2.19447e-26
-3.58769e-26
-5.2705e-26
-5.46583e-26
-3.95605e-26
-2.11843e-26
-1.42489e-26
-1.52801e-27
8.76794e-28
-1.27881e-26
-7.86594e-27
4.12099e-28
5.14693e-28
1.65759e-26
2.15331e-26
1.11754e-26
-9.69944e-27
-2.86302e-26
-3.86809e-26
-3.59304e-26
-1.58487e-26
-1.81762e-26
-2.93557e-26
-2.54271e-26
-1.35132e-26
-6.49074e-27
1.71119e-27
1.60519e-26
1.42431e-26
1.0079e-26
7.30127e-27
1.80983e-27
1.24605e-26
1.32533e-26
1.16134e-26
1.1365e-26
4.49257e-27
-1.83878e-26
-4.16353e-26
-4.32747e-26
-2.80064e-26
-1.48043e-26
-1.2708e-26
-1.139e-26
4.14181e-27
1.45587e-26
1.21347e-26
1.60006e-26
2.66299e-26
3.43046e-26
1.86105e-26
1.26727e-26
9.45062e-27
5.036e-28
-3.7581e-27
4.11292e-27
1.2294e-26
8.13089e-27
-9.58141e-27
-2.32489e-26
-2.1857e-26
-1.75742e-26
-1.12654e-26
7.76542e-28
1.3356e-26
2.23778e-26
1.77521e-26
1.18729e-26
1.26762e-26
1.56726e-26
6.83601e-27
7.60141e-27
-3.71617e-27
-1.25527e-26
-7.33614e-27
2.52213e-27
1.53332e-26
2.45185e-26
1.77344e-26
5.00542e-27
-5.6422e-27
-1.13144e-26
-1.17713e-26
1.01531e-26
2.69033e-26
3.49971e-26
2.84526e-26
2.8899e-26
1.52398e-26
-1.82479e-27
-1.08968e-26
-4.22564e-27
-1.53156e-26
-4.23589e-27
8.27907e-28
4.10275e-27
2.21093e-26
2.13886e-26
2.56009e-26
1.18136e-26
7.50594e-28
-2.00508e-26
-1.81637e-26
1.85249e-26
3.78846e-26
5.2203e-26
4.71432e-26
4.31763e-26
1.61491e-26
-1.07839e-26
-2.0851e-26
-2.28293e-26
-1.86225e-27
-1.91862e-27
-9.44125e-27
-1.07591e-26
2.02177e-26
3.68177e-26
3.14493e-26
1.36976e-26
8.52766e-27
3.86126e-27
1.25032e-27
1.76481e-26
2.81668e-26
3.86685e-26
3.82884e-26
2.02833e-26
-8.38499e-27
-1.94807e-26
-1.34957e-26
-6.63393e-27
-1.827e-28
-3.55144e-27
-6.76111e-27
-5.77697e-27
2.10397e-26
4.48646e-26
3.57496e-26
1.24699e-26
5.19724e-27
5.64016e-27
5.79716e-27
1.56087e-26
1.53942e-26
8.13586e-27
-7.04251e-28
-9.46991e-27
-1.83178e-26
-1.73774e-26
-1.19717e-26
-5.51081e-27
-3.2866e-27
8.12055e-27
9.58424e-27
1.4708e-26
2.53993e-26
2.88052e-26
2.23956e-26
-3.72785e-27
-1.94648e-26
-1.34906e-26
-5.45012e-27
4.39579e-27
-1.29376e-27
-1.5554e-26
-2.35483e-26
-2.11809e-26
-1.05423e-26
-1.20185e-26
-2.01553e-26
-1.78e-26
-2.81689e-27
1.6473e-26
2.02321e-26
1.4677e-26
1.37783e-26
1.11264e-26
5.84014e-27
-6.47127e-27
-2.1975e-26
-1.29425e-26
-8.90116e-27
-1.19831e-26
-2.93374e-26
-3.65478e-26
-2.643e-26
-1.36171e-26
-5.88869e-27
-9.6139e-27
-1.50386e-26
-2.1092e-26
3.72689e-27
2.49708e-26
2.78854e-26
7.42947e-27
-3.38748e-27
-5.23449e-27
3.60493e-27
-2.11896e-27
-1.82192e-26
-1.23758e-26
-1.39183e-26
-1.65234e-26
-3.24006e-26
-3.69874e-26
-2.24927e-26
-7.17337e-27
6.31061e-27
-3.52776e-27
-1.23537e-26
-1.65454e-26
3.85386e-27
1.31752e-26
9.73588e-27
1.01127e-26
3.15572e-27
5.40553e-27
1.12522e-26
-3.61784e-28
-1.62056e-26
-1.11664e-26
-3.2245e-27
-1.05681e-26
-2.42961e-26
-2.7197e-26
-1.07257e-26
-3.70738e-27
1.18537e-26
1.25397e-26
1.04201e-27
-4.99967e-27
9.49004e-27
-1.01364e-26
-1.16946e-26
7.15819e-27
2.69263e-26
1.86942e-26
9.10783e-27
-1.11184e-26
-1.89814e-26
-6.27032e-27
9.08287e-27
-1.06165e-27
-2.23758e-26
-2.66658e-26
-1.46292e-26
6.95117e-27
2.72569e-26
3.57386e-26
2.87053e-26
2.34354e-26
2.2871e-26
-1.15531e-26
-1.97751e-26
-3.00987e-27
1.90547e-26
2.14166e-26
4.69343e-28
-2.73723e-26
-1.93966e-26
1.6381e-27
1.99047e-26
1.14956e-26
-7.25878e-27
-1.41512e-26
-4.97038e-27
7.75554e-27
2.84547e-26
3.82497e-26
3.58111e-26
3.8762e-26
3.40744e-26
4.57682e-27
-1.87491e-26
-1.82918e-26
-2.56521e-28
9.87142e-28
-1.83925e-26
-2.52219e-26
-8.72566e-27
1.78129e-26
3.30481e-26
2.10121e-26
4.73851e-27
-3.77317e-27
-4.8334e-27
6.52958e-28
6.36365e-27
1.81499e-26
2.66119e-26
4.00117e-26
1.51742e-26
-5.21727e-27
-2.30098e-26
-2.21487e-26
-1.21548e-26
-1.4124e-26
-1.50769e-26
-1.2907e-26
3.74646e-27
2.79146e-26
2.61084e-26
5.74104e-27
-3.57284e-27
-1.01322e-26
-1.0808e-26
-2.17921e-27
-2.86887e-27
-7.8107e-27
6.57331e-27
2.76533e-26
3.2892e-27
-1.45485e-26
-1.67387e-26
-1.1946e-26
-6.16643e-27
-7.87973e-27
-1.89055e-27
1.23648e-27
1.66842e-26
1.92704e-26
8.39049e-27
-4.90088e-27
-1.40607e-26
-1.84178e-26
-1.85013e-26
-1.21383e-26
-9.14561e-27
-1.41312e-26
-8.03125e-27
1.74209e-26
6.60679e-27
-4.65643e-27
-8.37949e-27
-7.68304e-27
-6.17741e-27
-1.1236e-27
1.06078e-26
1.4256e-26
2.2361e-26
5.19011e-27
-7.52645e-27
-1.93727e-26
-2.27617e-26
-1.21856e-26
-7.40056e-27
-1.78429e-27
2.51944e-27
6.28492e-27
7.57372e-27
1.84556e-26
5.77617e-27
5.16044e-27
1.53518e-27
-3.10182e-28
-1.78352e-27
3.77014e-27
2.12307e-26
2.89862e-26
2.98582e-26
3.59278e-27
-2.29353e-26
-3.95558e-26
-3.33184e-26
-1.08432e-26
1.02801e-27
1.17497e-26
1.42533e-26
1.23214e-26
1.33337e-26
1.5749e-26
-9.61958e-28
1.06953e-27
7.09685e-27
3.50056e-27
1.00907e-26
1.97261e-27
1.85008e-26
1.82589e-26
1.40095e-26
-8.28582e-27
-3.72504e-26
-4.85291e-26
-3.84208e-26
-2.30755e-26
-1.85506e-26
4.6689e-27
1.14555e-26
-5.1104e-29
2.51898e-29
7.89155e-27
-1.54957e-26
-6.57753e-27
1.07352e-26
1.53762e-26
8.37597e-27
-1.24171e-26
2.41486e-29
-1.34478e-27
-7.96198e-27
-1.58069e-26
-2.21651e-26
-2.56703e-26
-3.14922e-26
-3.51181e-26
-2.51418e-26
9.81835e-27
2.12983e-26
9.28448e-28
-1.11276e-26
-1.33866e-26
-7.16753e-27
-5.0118e-27
1.98171e-26
3.72655e-26
1.43109e-26
-1.80492e-26
-2.48787e-26
-2.00179e-26
-1.2767e-26
1.1858e-28
4.77499e-27
3.22335e-27
-5.71073e-27
-2.1388e-26
-1.44635e-26
1.27752e-26
3.19879e-26
2.24451e-26
3.22876e-30
-2.74915e-27
6.367e-28
-7.25183e-27
1.93434e-26
3.70778e-26
1.38794e-26
-8.14744e-27
-2.04946e-26
-2.5414e-26
-1.36057e-26
-4.72145e-27
-9.29907e-27
-1.17053e-27
3.62831e-27
-2.72868e-27
2.34782e-27
1.34764e-26
3.06336e-26
3.54317e-26
1.89796e-26
1.12296e-26
-4.14546e-28
-1.42426e-26
1.57162e-27
1.51348e-26
1.87981e-26
1.69225e-26
8.63527e-27
-1.00837e-27
-3.8548e-27
-2.06364e-26
-2.21689e-26
-3.1671e-28
1.06614e-26
1.17237e-26
1.29926e-26
1.01738e-26
1.21366e-26
9.55962e-27
1.68083e-27
8.19838e-27
-1.14064e-26
-1.37803e-26
-4.8277e-27
6.5293e-27
2.37472e-26
2.88972e-26
2.8187e-26
1.53629e-26
4.03857e-27
-2.15298e-26
-2.23346e-26
4.24895e-27
2.71823e-26
3.80846e-26
3.22424e-26
2.7544e-26
1.26371e-26
-4.57684e-27
-1.6791e-26
-1.34353e-26
-2.47908e-26
-1.32525e-26
-1.05446e-26
-9.797e-27
2.2025e-27
2.21108e-27
1.63993e-26
2.38094e-26
1.32713e-26
-2.0442e-26
-2.83388e-26
2.22664e-27
1.5919e-26
2.26481e-26
3.09226e-26
3.36506e-26
1.53914e-26
-9.05762e-27
-2.53429e-26
-3.21869e-26
-1.0936e-26
-1.01177e-26
-1.68997e-26
-1.51155e-26
5.68824e-27
2.07876e-26
2.53583e-26
2.19891e-26
1.55675e-26
-1.71608e-27
-6.16199e-27
6.11816e-27
1.5636e-26
2.14126e-26
3.20464e-26
3.85952e-26
4.55762e-27
-2.03886e-26
-2.97465e-26
-2.57767e-26
1.47164e-27
-1.05087e-27
-1.21795e-26
-8.05701e-27
9.66498e-27
2.29635e-26
1.84814e-26
7.299e-27
1.85225e-27
-5.25276e-27
-5.26449e-27
1.13969e-26
1.44547e-26
1.61929e-27
4.27284e-28
4.24171e-27
-6.74329e-27
-2.84785e-26
-3.02302e-26
-1.0234e-26
7.34216e-27
1.19702e-26
8.77497e-27
8.84471e-27
6.38322e-27
4.7646e-27
-1.27643e-27
-1.52846e-26
-2.89638e-26
-2.43877e-26
-1.53736e-26
4.83643e-27
-4.82944e-27
-2.2634e-26
-3.15493e-26
-2.34748e-26
-1.78308e-26
-2.83471e-26
-2.69166e-26
-9.52615e-27
4.2293e-27
1.58228e-26
2.72536e-26
1.76257e-26
8.56645e-27
9.8754e-27
-2.55626e-27
-1.8142e-26
-3.35221e-26
-3.35715e-26
-2.65099e-26
-2.1771e-26
-4.1182e-26
-4.42397e-26
-3.53811e-26
-2.46746e-26
-1.72622e-26
-2.22233e-26
-2.05648e-26
-1.14957e-26
-7.13517e-27
7.03794e-27
3.29114e-26
1.84121e-26
2.70094e-27
3.00557e-27
-1.33708e-27
-7.07975e-27
-2.93197e-26
-3.10413e-26
-3.85465e-26
-3.71934e-26
-5.40748e-26
-5.28743e-26
-2.41435e-26
-1.18683e-26
-5.21176e-28
-7.97905e-28
-5.46693e-27
-1.42871e-26
-1.53218e-26
-6.12292e-27
1.19866e-26
1.41571e-26
5.24337e-27
1.29151e-27
3.64779e-27
4.37363e-27
-2.27782e-26
-2.73254e-26
-2.38663e-26
-3.41072e-26
-4.21089e-26
-3.69277e-26
-1.19225e-26
1.38707e-27
1.66637e-26
1.69065e-26
4.8421e-27
-8.89373e-27
-6.62762e-27
-2.72916e-26
-2.4032e-26
3.20114e-27
2.91436e-26
1.86363e-26
1.44285e-27
-2.41837e-27
-1.6566e-26
-8.58077e-27
-4.12301e-27
-1.80297e-26
-2.88653e-26
-3.32443e-26
-1.22664e-26
5.55768e-27
2.33422e-26
2.54953e-26
1.64672e-26
1.18301e-26
6.92796e-27
-1.82453e-26
-2.31204e-26
9.45646e-28
2.90121e-26
3.25795e-26
4.89335e-27
-9.23916e-27
-8.05421e-27
1.22072e-26
1.70323e-26
9.09872e-27
-1.69728e-27
-1.46148e-26
-3.53795e-27
8.46288e-27
1.98647e-26
2.51468e-26
2.17532e-26
2.08537e-26
3.20294e-26
1.05635e-26
-4.91861e-27
1.61815e-27
5.93885e-27
5.62096e-27
-9.9768e-27
-8.83555e-27
1.18503e-26
3.16354e-26
3.52192e-26
2.2113e-26
1.21333e-26
-5.05292e-27
-3.65105e-27
3.13495e-27
5.80995e-27
1.78166e-26
2.56038e-26
3.8446e-26
3.45293e-26
1.41265e-26
-2.27121e-27
-5.23991e-27
-3.09407e-27
3.07376e-27
1.711e-27
3.64389e-27
2.75242e-26
4.39699e-26
3.75718e-26
2.41396e-26
1.77065e-26
5.49573e-27
-3.26804e-27
-2.40874e-27
-2.56027e-27
4.49879e-27
1.84056e-26
4.437e-26
3.0421e-26
2.90484e-27
-5.16754e-27
-6.99207e-27
4.74994e-27
1.77264e-26
2.46045e-26
2.48597e-26
3.38985e-26
3.54676e-26
2.49494e-26
1.91099e-26
1.42356e-26
5.08966e-27
-3.86855e-27
-1.06058e-26
-1.15204e-26
-7.61941e-27
1.41147e-27
3.60757e-26
1.28551e-26
-5.05114e-27
1.74366e-27
-8.31486e-29
3.02279e-27
1.78739e-26
3.0407e-26
3.27459e-26
3.4063e-26
2.77089e-26
2.04205e-26
4.92179e-27
-7.82107e-27
-7.47384e-27
-6.40455e-27
-3.956e-27
-9.27519e-28
3.05402e-27
7.48617e-27
2.43002e-26
5.58441e-27
-3.57935e-27
1.04703e-26
4.75689e-27
-1.22228e-28
1.4717e-26
3.37008e-26
3.93307e-26
4.30296e-26
3.88213e-26
1.81023e-26
-4.45398e-27
-1.80793e-26
-1.00202e-26
-4.546e-27
6.26547e-27
9.91205e-27
2.0211e-26
1.68641e-26
2.03912e-26
3.59105e-27
6.48256e-27
1.18082e-26
9.93606e-27
9.55813e-27
1.33795e-26
2.33056e-26
2.72648e-26
4.01738e-26
3.26684e-26
1.34926e-26
-6.40302e-27
-1.83145e-26
-1.38261e-26
-9.88007e-27
-4.61705e-27
4.18721e-27
9.81549e-27
1.07439e-26
1.69728e-26
1.50518e-27
2.30005e-27
1.20781e-26
1.77287e-26
1.25831e-26
4.67788e-27
1.19641e-26
9.92216e-27
1.17615e-26
6.13951e-27
7.71469e-27
1.78174e-26
-5.81048e-27
-2.24398e-26
-1.6087e-26
4.63061e-27
1.22219e-26
7.69144e-27
2.40018e-27
7.24151e-27
-2.07708e-27
-3.08454e-27
2.21371e-26
3.98706e-26
1.80877e-26
2.90244e-27
1.9475e-27
-3.18016e-27
-7.26878e-27
-1.9896e-27
1.83516e-26
3.71298e-26
1.25617e-26
-1.80006e-26
-1.41286e-26
1.51348e-26
2.99275e-26
2.11407e-26
9.69913e-27
1.11561e-26
-1.35002e-26
-8.84641e-27
2.60446e-26
4.79121e-26
2.74053e-26
1.00394e-26
8.24415e-28
-6.03452e-27
-1.20353e-26
-1.08481e-26
6.55695e-28
1.72137e-26
1.52888e-26
1.51358e-28
1.75103e-27
7.94894e-27
2.2162e-26
2.68785e-26
2.23914e-26
7.49413e-27
-2.0802e-26
-2.38523e-26
-5.8401e-27
1.23759e-26
1.44284e-26
1.67303e-26
1.56964e-26
1.24846e-26
-3.70708e-29
-1.79796e-26
-1.67287e-26
4.06265e-27
1.50143e-26
7.49958e-27
8.76517e-27
3.56614e-27
4.90999e-27
4.70093e-27
1.39378e-27
-3.79585e-27
-2.86978e-26
-2.30516e-26
-2.09831e-26
-8.83035e-27
5.15186e-27
1.53148e-26
3.0153e-26
2.79727e-26
9.06623e-27
-2.71937e-26
-2.56339e-26
3.06539e-27
1.64932e-26
1.62384e-26
1.74373e-26
1.3034e-26
5.407e-27
-7.10538e-27
-1.67015e-26
-1.98501e-26
-2.24262e-26
-2.21516e-26
-1.88191e-26
-1.05014e-26
-1.37924e-26
-1.86751e-26
-3.68515e-27
1.09155e-26
1.07499e-26
-1.95642e-26
-2.1979e-26
-4.39446e-27
4.6118e-27
4.42181e-27
1.73771e-26
2.65247e-26
1.39513e-26
-9.2121e-27
-1.89932e-26
-2.08724e-26
-1.79407e-26
-2.04799e-26
-2.02226e-26
-1.38515e-26
-7.09902e-27
1.21234e-27
1.14821e-26
1.60797e-26
1.95851e-26
6.98147e-27
7.32035e-28
-1.16623e-27
7.72651e-27
1.07321e-26
2.38737e-26
2.92586e-26
6.79886e-27
-2.55553e-26
-4.69714e-26
-3.33019e-26
-3.21648e-27
-5.96473e-27
-1.26212e-26
-8.94526e-27
3.09577e-27
8.47985e-27
7.4071e-27
9.73535e-27
9.45561e-27
7.93659e-27
8.76219e-27
1.45184e-26
2.47783e-27
-2.91479e-27
-1.98902e-27
9.10014e-27
-2.37588e-27
-3.57721e-26
-4.99678e-26
-2.20098e-26
4.99307e-27
5.62919e-27
4.48829e-27
4.37507e-27
3.76613e-29
-1.10385e-27
-1.05022e-26
-1.44188e-26
-1.90491e-26
-1.9258e-26
-1.51442e-26
-1.31066e-27
-1.32042e-26
-2.47229e-26
-2.90581e-26
-1.77877e-26
-2.25604e-26
-4.11063e-26
-3.68766e-26
-6.36775e-27
7.30618e-28
9.06606e-27
2.30227e-26
2.38527e-26
1.2352e-26
8.64098e-27
-2.26339e-27
-1.24229e-26
-3.00759e-26
-3.41981e-26
-3.14628e-26
-2.51288e-26
-3.25244e-26
-3.81198e-26
-2.70945e-26
-2.23512e-26
-2.34864e-26
-2.9497e-26
-2.63956e-26
-4.34923e-27
-1.12595e-26
-6.78768e-27
2.00405e-26
2.39018e-26
6.56858e-27
3.81847e-27
2.42713e-27
1.34673e-27
-2.26605e-26
-3.00731e-26
-3.27748e-26
-3.79821e-26
-4.44599e-26
-3.34786e-26
-1.7026e-26
-1.32272e-26
-7.41871e-27
9.17028e-28
-4.88058e-28
-4.35004e-27
-1.42355e-26
-2.17975e-26
-6.48877e-27
-1.89482e-27
-7.26243e-27
-6.49646e-27
1.2351e-27
3.6033e-27
-1.19817e-26
-1.67079e-26
-2.21977e-26
-3.37066e-26
-3.71454e-26
-2.61165e-26
-7.68933e-27
-4.30177e-27
2.52327e-27
1.57709e-26
1.64889e-26
5.7948e-27
-1.14626e-26
-3.41708e-26
-3.40809e-26
-1.47291e-26
8.39686e-27
5.24698e-27
6.99457e-28
-1.43965e-27
-1.82973e-26
-9.49942e-27
-8.40539e-27
-2.34258e-26
-2.8943e-26
-2.92214e-26
-5.01102e-27
-6.28351e-28
2.71771e-27
2.89036e-27
9.21262e-27
1.06313e-26
9.14889e-27
-1.21577e-26
-2.5138e-26
-1.23441e-26
7.26159e-27
1.43573e-26
8.63376e-27
5.51592e-27
-2.43531e-27
1.49037e-26
2.19368e-26
3.97992e-27
-1.34664e-26
-1.85005e-26
8.4633e-28
7.96284e-27
3.27954e-27
9.13926e-28
2.85025e-27
1.05172e-26
4.91425e-26
3.86557e-26
8.42993e-27
-3.49469e-27
-7.53687e-27
1.41114e-27
3.97697e-27
1.92833e-26
3.89322e-26
5.07834e-26
4.92173e-26
3.01197e-26
1.1037e-26
5.61733e-27
1.04146e-26
9.49501e-27
1.41402e-26
2.07324e-26
2.11734e-26
3.6138e-26
6.76441e-26
4.9811e-26
1.87819e-26
2.80895e-27
3.43115e-27
1.04625e-26
8.61803e-27
2.46753e-26
4.8204e-26
5.80012e-26
5.86491e-26
4.45838e-26
4.00637e-26
3.57053e-26
2.78277e-26
1.37458e-26
1.51343e-26
2.40953e-26
2.69405e-26
5.16432e-26
3.6585e-26
2.09105e-26
4.28851e-27
8.72438e-27
1.55633e-26
2.79516e-26
3.4289e-26
3.57304e-26
3.55562e-26
3.92407e-26
5.00036e-26
4.8479e-26
4.25199e-26
3.79678e-26
2.80416e-26
1.32699e-26
8.74494e-27
9.80285e-27
4.11713e-27
2.52964e-26
7.82058e-27
-8.52328e-28
4.99629e-27
9.34022e-27
2.08159e-26
3.17014e-26
5.22993e-26
4.59088e-26
2.0546e-26
2.31323e-26
2.73456e-26
2.43018e-26
1.15871e-26
5.82109e-27
5.62404e-27
2.75586e-27
-4.40527e-28
4.55072e-27
-4.30608e-28
7.74195e-27
1.67632e-27
-9.41195e-27
1.90537e-27
6.57815e-27
1.86184e-26
2.47582e-26
4.52659e-26
4.86074e-26
3.28396e-26
4.24036e-26
2.98489e-26
8.36512e-28
-1.67915e-26
-1.95692e-26
-1.25634e-26
-9.2685e-27
1.71694e-28
1.5212e-26
8.77078e-27
1.00524e-26
1.06402e-26
2.10429e-27
-9.66724e-27
-1.05449e-27
1.18328e-26
2.23103e-26
3.49828e-26
3.88892e-26
4.20961e-26
4.09404e-26
2.66683e-26
2.391e-27
-1.98297e-26
-1.37434e-26
-7.85722e-27
-1.04077e-26
-1.75749e-27
7.36963e-27
9.781e-27
1.90794e-26
1.64137e-26
1.12891e-26
-7.58736e-27
-5.26881e-27
5.81345e-27
1.88195e-26
2.84043e-26
2.05235e-26
2.19766e-26
1.14813e-26
1.37338e-26
1.98949e-26
-1.08564e-27
-5.28528e-27
-9.20299e-27
-6.77719e-27
4.01171e-28
6.65736e-27
6.55852e-27
1.45462e-26
-4.04454e-27
3.42078e-27
9.90294e-27
7.6694e-27
1.29944e-27
1.41085e-26
2.53295e-26
1.24846e-26
-3.65314e-27
-1.57536e-26
1.04125e-26
3.40099e-26
1.5536e-26
-4.40227e-27
-4.48122e-27
5.791e-27
1.69626e-26
1.38765e-26
-4.41531e-27
-1.92629e-27
-2.01912e-26
-1.33717e-26
1.11529e-27
1.76272e-26
1.67427e-26
1.34413e-26
1.29627e-26
3.06052e-27
-2.19361e-26
-3.45998e-26
-9.51592e-27
1.2489e-26
2.19144e-26
7.25788e-27
3.03411e-27
1.17838e-26
1.89905e-26
1.39968e-26
1.16049e-27
-8.40528e-27
-2.39938e-26
-2.7142e-26
-2.72687e-26
-1.69322e-26
3.41429e-27
7.80797e-27
7.31109e-27
-3.98841e-27
-2.27659e-26
-3.59523e-26
-2.09959e-26
7.18677e-27
2.00691e-26
3.90126e-27
-5.41884e-28
4.50829e-27
1.43531e-27
-4.05983e-27
-7.06188e-27
-1.53446e-26
-3.08583e-26
-3.18235e-26
-3.60181e-26
-2.32991e-26
-1.09513e-26
-5.7139e-27
9.73603e-27
1.05325e-26
-8.83745e-27
-3.65062e-26
-2.15506e-26
7.26859e-27
7.27043e-27
-6.5108e-27
-3.19985e-27
5.82252e-27
4.183e-27
-3.83742e-27
-1.02565e-26
-1.90737e-26
1.3788e-27
-1.03526e-26
-1.02758e-26
-2.38333e-27
-3.75205e-27
-9.20877e-27
4.5971e-27
6.49017e-27
-4.01651e-28
-1.49373e-26
-1.2512e-26
-6.97397e-27
-1.35105e-27
3.42253e-27
1.59053e-26
3.39742e-26
2.72283e-26
-2.01761e-27
-8.43433e-27
6.40552e-28
2.68548e-28
-1.18564e-26
-2.30313e-27
7.40807e-27
4.46892e-27
-1.87175e-27
-3.49078e-30
4.07939e-27
7.76408e-27
4.68571e-27
1.36567e-27
-7.14671e-27
-1.25728e-26
-9.77613e-27
6.13001e-27
1.83341e-26
1.40961e-26
-1.85034e-26
-3.16473e-26
-8.11282e-27
5.47096e-28
5.24442e-27
1.02397e-26
1.2731e-26
1.25295e-26
2.14276e-27
-7.06143e-27
-5.37963e-28
5.96457e-27
1.16271e-26
1.41143e-26
4.71718e-27
-1.55584e-26
-1.57625e-26
-7.82891e-27
3.87376e-27
-1.16748e-27
-2.3455e-26
-3.27875e-26
-1.45444e-26
-6.7964e-27
3.66692e-27
1.99361e-26
2.78242e-26
2.24499e-26
6.82418e-27
-9.04373e-27
-8.65383e-27
-1.69409e-26
-1.4426e-26
-7.59556e-27
-1.75417e-27
-1.6944e-26
-1.33739e-26
-1.50074e-26
-1.67098e-26
-1.45968e-26
-2.29696e-26
-2.64984e-26
-1.40855e-26
-7.07553e-27
-2.62497e-27
2.27294e-26
3.93486e-26
3.28892e-26
1.66762e-26
1.79645e-27
1.91933e-28
-2.01735e-26
-2.27138e-26
-2.32486e-26
-5.10259e-27
-5.21337e-27
-1.70882e-26
-2.27843e-26
-3.03051e-26
-2.27546e-26
-2.13275e-26
-1.94626e-26
-7.96476e-27
-1.7323e-27
-6.61486e-27
1.76056e-26
2.4818e-26
1.98233e-26
1.53074e-26
1.28016e-26
2.15386e-26
-1.45157e-27
-1.46234e-26
-1.61098e-26
-5.42507e-27
-2.23958e-28
-8.44611e-27
-2.17539e-26
-2.57459e-26
-1.70571e-26
-2.22587e-27
9.32411e-27
3.30247e-27
8.61349e-28
-2.15669e-26
-1.20154e-26
-6.33431e-27
-7.59023e-27
1.08137e-27
9.7666e-27
1.79442e-26
7.70434e-27
-6.08508e-27
-7.38183e-27
-1.25856e-26
-1.63973e-26
-1.33461e-26
-1.06107e-26
-2.41878e-26
-1.41052e-26
7.57419e-27
1.48425e-26
1.32265e-26
5.04334e-27
-3.05326e-26
-3.71966e-26
-2.74469e-26
-1.61081e-26
-3.82482e-27
6.56479e-27
2.11523e-27
-1.71684e-26
-1.21816e-26
-8.14118e-27
-1.89511e-26
-3.35205e-26
-2.75389e-26
-1.28284e-26
-1.66895e-26
-1.44872e-26
1.05027e-27
1.06144e-26
1.83588e-26
2.26176e-26
6.82732e-28
-1.83382e-26
-2.25957e-26
-1.96645e-26
2.84333e-27
1.93733e-26
1.91957e-26
-2.59273e-27
-2.79608e-27
8.70412e-27
2.94856e-27
-2.38953e-26
-2.05754e-26
-5.13319e-27
-2.61888e-28
-4.7322e-28
4.01013e-28
8.82813e-27
2.10408e-26
4.58873e-26
4.27727e-26
1.41123e-26
-1.13715e-26
-1.10102e-26
4.92213e-27
2.53456e-26
3.80303e-26
3.89151e-26
4.00009e-26
4.81636e-26
3.65089e-26
1.19536e-26
1.70737e-26
2.13574e-26
1.61474e-26
2.02377e-26
2.52246e-26
1.88039e-26
3.19158e-26
5.92064e-26
5.76605e-26
2.47791e-26
1.19746e-27
-1.2707e-27
8.73266e-27
2.38238e-26
4.40244e-26
5.79734e-26
6.09578e-26
6.56129e-26
4.91579e-26
4.17301e-26
4.26154e-26
3.88138e-26
2.52442e-26
1.97172e-26
2.7849e-26
1.92977e-26
3.62925e-26
2.2442e-26
2.35328e-26
6.31065e-27
6.34024e-27
9.31701e-27
1.80224e-26
4.01586e-26
4.14033e-26
4.28761e-26
3.97719e-26
5.2896e-26
5.10856e-26
4.69191e-26
4.50498e-26
3.66007e-26
2.28115e-26
1.25573e-26
1.56523e-26
6.82443e-27
9.52036e-27
-9.40013e-27
-7.90208e-27
-8.70947e-27
6.75995e-27
1.85156e-26
2.47716e-26
4.94851e-26
4.37345e-26
1.99004e-26
1.37746e-26
2.23146e-26
2.6346e-26
2.11313e-26
1.30154e-26
1.01336e-26
1.45346e-26
9.06845e-27
9.94034e-27
-6.86499e-28
-1.58251e-26
-1.18405e-26
-2.18108e-26
-1.67324e-26
2.47512e-27
2.42026e-26
3.16004e-26
4.59909e-26
4.84555e-26
2.78548e-26
2.8799e-26
1.91852e-26
1.11477e-27
-1.32361e-26
-2.56075e-26
-2.12123e-26
-4.86947e-27
3.43296e-27
2.88978e-27
-3.06109e-28
-4.86338e-27
-4.49244e-27
-2.0124e-26
-2.72153e-26
-1.29249e-26
1.39946e-26
3.64685e-26
5.00954e-26
5.0916e-26
3.96916e-26
3.50028e-26
2.11374e-26
4.23552e-27
-1.70301e-26
-2.29703e-26
-2.11148e-26
-1.16491e-26
-1.7239e-26
-1.82725e-26
-7.83559e-27
7.74453e-28
-3.74507e-27
-8.82702e-27
-2.58179e-26
-1.86735e-26
4.89411e-27
2.51953e-26
4.23142e-26
4.36786e-26
2.66061e-26
1.24283e-26
1.35617e-26
1.25006e-26
-5.42374e-27
-8.6205e-27
-1.27444e-26
-1.08343e-26
-1.87433e-26
-2.87842e-26
-2.6802e-26
-1.25574e-26
-1.07037e-26
5.66116e-27
-2.55381e-27
-1.15751e-26
-4.93526e-27
1.47433e-26
3.52754e-26
2.37429e-26
1.54519e-28
-6.47873e-27
6.67316e-27
1.60088e-26
-7.88996e-28
-1.18164e-26
-9.52805e-27
-3.30466e-27
-2.95217e-27
-1.52376e-26
-3.19836e-26
-2.60777e-26
-1.9101e-26
-4.2549e-28
-4.4103e-27
-7.5946e-27
1.31928e-27
1.12855e-26
1.9294e-26
5.92271e-27
-2.09062e-26
-2.59157e-26
-7.48261e-27
-2.65898e-28
-3.29224e-28
-6.89244e-27
-6.53511e-27
1.37757e-26
1.5637e-26
-2.61627e-27
-2.4445e-26
-3.20756e-26
-2.17902e-26
-2.43349e-26
-3.21928e-26
-2.09061e-26
-9.69277e-27
-1.29053e-27
1.22652e-26
-8.03817e-27
-3.23009e-26
-2.91751e-26
-1.16783e-26
1.04924e-27
5.24172e-27
-6.64142e-27
-8.63063e-27
1.48171e-26
2.14677e-26
4.99863e-27
-1.14554e-26
-2.29331e-26
-1.95346e-26
-3.1285e-26
-3.9083e-26
-2.67983e-26
-1.01983e-26
-2.7096e-27
1.56005e-26
2.46491e-27
-1.77602e-26
-2.74085e-26
-1.19788e-26
1.16837e-27
6.2445e-27
-6.94577e-27
-2.40992e-27
1.89234e-26
2.65044e-26
1.14542e-26
9.50161e-28
-9.68488e-27
9.31052e-27
-3.59608e-27
-2.37321e-27
3.59716e-27
9.13355e-27
1.06022e-26
1.31212e-26
5.38615e-28
-6.38142e-27
-1.43476e-26
-1.02107e-26
-1.11888e-27
6.08875e-27
5.96478e-27
1.82559e-26
3.92389e-26
3.19844e-26
-9.88328e-28
-7.04252e-27
8.29249e-27
1.46932e-26
6.42955e-27
1.40622e-26
2.14075e-26
1.90059e-26
7.09511e-27
-8.61456e-29
4.63382e-27
5.86354e-27
-4.24417e-27
-5.60292e-27
-1.10853e-26
-1.6351e-26
-1.85975e-26
-1.56971e-27
2.708e-26
2.6771e-26
-2.02999e-27
-8.42937e-27
5.96456e-27
5.51951e-27
1.97083e-26
2.97155e-26
3.01049e-26
2.23008e-26
3.61124e-28
-1.01968e-26
1.60788e-28
1.25296e-26
1.54005e-26
9.37133e-27
-3.79869e-27
-1.89729e-26
-2.24852e-26
-1.12699e-26
9.855e-27
1.42201e-26
1.44521e-27
-6.72874e-27
-5.51352e-27
-1.4264e-26
1.19569e-26
3.25423e-26
4.43636e-26
3.14431e-26
8.93976e-27
-3.36778e-27
-4.5949e-27
-9.90381e-27
2.01204e-27
8.58114e-27
1.13659e-26
-5.7283e-27
-5.71369e-27
-3.88246e-27
-5.47121e-27
-8.30097e-27
-7.224e-27
-1.16459e-26
-1.55308e-26
-1.62497e-26
1.08956e-28
2.25665e-26
4.17429e-26
3.72597e-26
2.5207e-26
1.09372e-26
1.22079e-26
-5.93149e-27
-5.29342e-27
9.01601e-27
2.1679e-26
1.06229e-26
-1.31171e-27
-1.05075e-26
-1.96838e-26
-1.92242e-26
-1.62502e-26
-1.77832e-26
-1.98478e-26
-1.89023e-27
1.89857e-27
1.95337e-26
3.00026e-26
2.94849e-26
2.637e-26
2.39186e-26
3.41362e-26
1.3574e-26
3.04742e-27
7.18548e-27
2.59619e-26
1.98848e-26
-4.58482e-27
-2.26048e-26
-2.98156e-26
-1.88453e-26
-6.88278e-27
-9.21168e-28
-2.82834e-27
9.61016e-27
-2.42455e-27
9.34057e-28
6.32993e-27
6.41494e-27
1.02528e-26
9.94321e-27
1.65566e-26
4.42634e-27
-4.98786e-27
1.34855e-27
1.15799e-26
7.95705e-27
-1.02718e-26
-1.9428e-26
-3.18612e-26
-1.81301e-26
-3.82404e-28
5.71768e-27
7.47267e-27
1.82562e-26
-1.21932e-26
-2.40407e-26
-1.9007e-26
-1.55072e-26
-7.77517e-27
2.34062e-27
2.29804e-27
-1.4568e-26
-2.0297e-26
-8.43552e-27
-1.34129e-26
-2.79222e-26
-2.92707e-26
-2.22455e-26
-2.23761e-26
-1.65393e-26
-8.6543e-28
5.07498e-27
1.36881e-26
2.28589e-26
5.86331e-27
-1.45904e-26
-1.66973e-26
-2.14885e-26
-4.27744e-27
1.44492e-26
1.92603e-26
-7.41761e-27
-1.86322e-26
-6.84467e-27
-4.45615e-27
-2.0232e-26
-2.52726e-26
-1.23537e-26
-7.37357e-27
-8.57443e-27
2.94864e-27
7.35856e-27
1.75539e-26
2.96288e-26
2.99479e-26
1.20697e-26
1.02433e-27
-2.65465e-28
1.50512e-26
3.1154e-26
4.15347e-26
2.05026e-26
1.96513e-26
3.15547e-26
2.59715e-26
1.28644e-26
-2.95198e-27
4.99351e-27
8.58716e-27
8.33384e-27
1.12899e-26
9.12499e-27
1.86667e-26
2.61783e-26
2.76764e-26
1.98789e-26
1.01972e-26
9.82708e-27
2.1276e-26
3.54229e-26
4.88255e-26
4.62361e-26
5.08618e-26
5.15924e-26
3.32845e-26
1.57464e-26
8.72488e-27
9.17618e-27
1.24066e-26
6.98548e-27
1.07298e-26
5.31057e-27
8.23191e-27
-4.98237e-27
5.6435e-27
5.46188e-27
9.13623e-27
6.35295e-27
1.09957e-26
3.06652e-26
3.72427e-26
4.33693e-26
3.83523e-26
3.92162e-26
2.85786e-26
1.77568e-26
9.33611e-27
5.1314e-27
1.1043e-26
8.99559e-27
1.22036e-26
2.26264e-27
-1.52938e-26
-2.22452e-26
-1.97851e-26
-1.34518e-26
5.20358e-27
1.18661e-26
8.02504e-27
3.13365e-26
3.733e-26
3.54889e-26
1.62287e-26
1.42368e-26
2.00536e-26
9.68981e-27
-1.60428e-26
-1.65166e-26
6.86507e-27
1.38973e-26
1.39249e-26
1.10513e-27
-1.99997e-26
-2.33381e-26
-3.50019e-26
-2.66319e-26
3.96359e-27
1.97841e-26
2.0762e-26
3.61805e-26
4.24291e-26
3.64353e-26
2.51513e-26
1.20194e-26
8.25518e-27
-6.6818e-27
-3.35598e-26
-3.88861e-26
-9.97098e-27
-3.65524e-27
-6.78454e-27
-7.36663e-27
-7.77043e-27
-2.55828e-26
-3.81939e-26
-3.68092e-26
-8.5991e-27
1.0371e-26
3.11352e-26
4.85771e-26
4.11062e-26
3.46516e-26
2.46968e-26
1.65124e-26
1.3191e-26
-7.43071e-27
-2.75643e-26
-4.00136e-26
-1.79691e-26
-2.15393e-26
-4.02994e-26
-2.48898e-26
-1.6973e-26
-2.38868e-26
-2.71026e-26
-2.40187e-26
-1.81276e-26
-7.99906e-28
2.62171e-26
4.12472e-26
3.57534e-26
2.03415e-26
9.02819e-27
6.56021e-27
7.83748e-27
-9.31709e-27
-2.3452e-26
-2.93007e-26
-1.73574e-26
-2.25103e-26
-4.90507e-26
-4.49273e-26
-2.87778e-26
-2.39986e-26
-8.65244e-27
-8.68371e-27
-1.28704e-26
-6.82262e-27
1.73866e-26
3.03186e-26
1.76543e-26
-2.54678e-28
-8.29295e-27
-8.71702e-27
-9.06195e-28
-7.07286e-27
-2.68335e-26
-2.14415e-26
-1.2303e-26
-1.87605e-26
-4.17023e-26
-5.76563e-26
-4.02543e-26
-2.11866e-26
1.12318e-27
-2.74694e-27
-4.48472e-27
-7.46911e-27
2.85256e-27
1.86642e-26
5.78651e-27
-9.52793e-27
-8.72593e-27
-5.14301e-27
-4.90342e-27
-1.0751e-26
-2.62785e-26
-1.85264e-26
4.41855e-27
-6.61298e-27
-2.90231e-26
-4.71293e-26
-4.36855e-26
-2.25674e-26
-1.51459e-26
-2.39504e-26
-1.12728e-26
-1.43114e-26
-4.70217e-27
1.64493e-26
2.11469e-27
-1.82017e-26
-9.66729e-27
4.01121e-27
6.41519e-27
-1.23842e-27
-1.19812e-26
-9.92296e-27
1.36661e-26
1.50649e-26
-1.00853e-26
-2.84147e-26
-3.16634e-26
-1.42025e-26
-2.57278e-26
-3.54822e-26
-1.96348e-26
-2.03815e-27
8.52641e-27
2.20812e-26
1.7633e-27
-1.60592e-26
-1.03093e-26
5.8562e-28
6.66064e-27
1.54068e-26
5.42246e-27
4.20104e-27
2.49412e-26
2.4686e-26
1.50666e-27
-1.51239e-26
-1.38164e-26
-3.49434e-27
-1.2641e-26
-9.31633e-27
-1.37208e-27
1.9483e-26
2.32353e-26
1.42874e-26
3.72768e-27
-1.00524e-26
-1.9211e-26
-1.67549e-26
-2.39833e-27
9.27084e-27
5.56282e-27
2.07195e-26
3.39956e-26
2.05869e-26
-4.79641e-27
-1.06943e-26
-2.46889e-27
-3.71188e-27
1.76908e-28
-4.22495e-28
8.56766e-27
2.38271e-26
1.71145e-26
5.62548e-27
4.79455e-27
1.3477e-27
-1.12605e-26
-9.91905e-27
-1.98315e-27
-2.65022e-27
-7.49942e-27
1.91123e-26
3.86868e-26
2.78009e-26
5.20412e-27
-1.24447e-26
-9.24675e-27
-5.39068e-27
4.10289e-27
4.03698e-27
8.28532e-27
1.01856e-26
2.30402e-27
7.90285e-27
5.9264e-27
-2.47616e-27
-3.19951e-27
1.76027e-27
-7.55751e-27
-2.08901e-26
-1.42538e-26
7.63782e-27
2.64598e-26
2.14551e-26
4.17907e-27
-1.23502e-26
-1.38891e-26
-1.21139e-26
7.07988e-27
1.8182e-26
2.06337e-26
1.39991e-26
4.26668e-27
3.97719e-27
4.81154e-27
-1.14132e-26
-1.18638e-26
-3.8729e-27
-4.26998e-28
-1.31213e-26
-4.49865e-27
1.01195e-26
1.22055e-26
6.48807e-27
-1.05904e-26
-2.10774e-26
-1.83172e-26
-1.0822e-26
5.3709e-27
2.02894e-26
2.79246e-26
3.00993e-26
2.05178e-26
1.13766e-26
1.04623e-26
-9.42826e-27
-1.13326e-26
9.13454e-27
1.73039e-26
6.51862e-27
4.53754e-27
1.07074e-27
-4.44267e-27
-7.76967e-27
-1.96165e-26
-3.41523e-26
-2.49221e-26
2.36899e-27
1.12829e-26
2.62633e-26
3.24993e-26
3.96218e-26
2.71814e-26
1.81964e-26
2.52997e-26
5.43439e-27
-8.93453e-27
6.84666e-27
2.55009e-26
1.9811e-26
4.94808e-28
-1.35604e-26
-1.71964e-26
-8.21997e-27
-1.41348e-26
-2.43435e-26
-1.15084e-26
6.0639e-27
1.40932e-26
1.89036e-26
1.50342e-26
1.09887e-26
6.81157e-27
5.36107e-27
1.58082e-26
1.93773e-27
-2.05103e-26
-8.59658e-27
2.09194e-26
1.9678e-26
-4.27004e-27
-1.96625e-26
-1.93163e-26
-6.21608e-27
-6.87097e-27
-1.11531e-26
-1.05983e-26
9.22738e-27
1.15322e-26
1.2191e-27
-5.53854e-27
-1.73074e-26
-1.70745e-26
-1.05476e-26
1.72535e-28
-1.0142e-26
-2.92024e-26
-1.34635e-26
2.39358e-27
-3.99948e-27
-2.0004e-26
-2.70883e-26
-1.7253e-26
-1.02913e-26
-9.80845e-27
-3.2007e-27
-1.43615e-27
1.65208e-26
1.33659e-26
-9.63893e-27
-1.03483e-26
-1.42002e-26
-8.32619e-27
1.78643e-28
3.36693e-27
-9.13493e-27
-2.76863e-26
-1.91173e-26
-7.78831e-27
-6.14063e-27
-2.68451e-26
-1.82172e-26
-5.6789e-27
-1.05264e-26
-1.14984e-26
-6.43386e-27
-2.03412e-27
6.47587e-27
1.84995e-26
8.36197e-27
3.39858e-27
-5.63326e-27
3.68761e-27
1.4516e-26
2.14013e-26
4.20832e-27
-4.24625e-27
1.09703e-26
9.46258e-27
8.86231e-28
-1.61949e-26
-3.79372e-27
5.60427e-27
6.17234e-28
-3.96984e-27
-1.43594e-26
-1.57934e-26
2.2172e-27
4.89289e-27
6.88399e-27
8.79726e-27
1.07908e-26
1.58429e-26
2.13892e-26
2.93648e-26
2.65698e-26
3.00979e-26
3.36937e-26
1.43945e-26
-6.19941e-27
-1.7797e-26
-1.45754e-26
-8.3807e-27
-6.40391e-27
5.12567e-28
-1.43083e-26
-1.31352e-26
-2.16492e-26
-1.12039e-26
-6.86789e-27
-1.27638e-27
-8.67367e-28
4.6059e-27
1.22459e-26
2.58189e-26
3.67568e-26
3.69767e-26
2.67583e-26
7.3727e-27
-1.10585e-26
-2.89036e-26
-2.82921e-26
-1.5181e-26
-2.4945e-27
2.56725e-27
-6.88195e-27
-2.86855e-26
-2.93681e-26
-2.26921e-26
-1.10005e-26
-3.15877e-27
3.41949e-27
1.53142e-27
1.68034e-26
3.167e-26
2.96471e-26
1.50562e-26
1.06578e-26
7.13772e-27
-1.19559e-26
-3.55368e-26
-3.85756e-26
-1.62795e-26
-1.70965e-27
1.69605e-27
-5.40856e-27
-2.85728e-26
-2.06713e-26
-2.39506e-26
-1.78959e-26
-1.90217e-27
4.86266e-27
7.49331e-27
2.50698e-26
2.89811e-26
2.61137e-26
1.12333e-26
7.76319e-27
5.18844e-27
-1.16387e-26
-3.34421e-26
-4.90591e-26
-3.19665e-26
-1.89396e-26
-1.05549e-26
-7.49828e-27
-2.07749e-26
-2.77146e-26
-2.8807e-26
-1.85177e-26
-1.02e-26
-3.4761e-27
8.98058e-27
2.52881e-26
2.41331e-26
1.97211e-26
1.95781e-26
1.51853e-26
1.00344e-26
-1.1255e-26
-3.37117e-26
-4.71986e-26
-3.31819e-26
-2.61408e-26
-2.91591e-26
-2.02665e-26
-2.27272e-26
-2.72945e-26
-1.9977e-26
-9.34106e-27
-1.57871e-26
-1.92989e-26
-8.86403e-28
1.43281e-26
9.17518e-27
-3.3216e-28
2.13107e-27
3.14891e-27
-2.0642e-27
-1.66418e-26
-2.81397e-26
-3.09032e-26
-2.68488e-26
-2.76514e-26
-4.42591e-26
-3.41345e-26
-2.39262e-26
-1.76927e-26
-8.40425e-27
-8.00992e-27
-1.61307e-26
-2.24276e-26
-9.97503e-27
1.04967e-26
1.02417e-26
-1.40837e-26
-1.80832e-26
-1.55714e-26
-1.25838e-26
-1.45764e-26
-2.41965e-26
-2.3139e-26
-2.63306e-26
-3.12374e-26
-5.03929e-26
-4.48896e-26
-2.78762e-26
-1.44968e-26
-1.04085e-27
6.73389e-27
1.00487e-26
-8.53457e-27
-1.46276e-26
1.98493e-28
1.31715e-26
-5.63031e-27
-1.27645e-26
-1.48272e-26
-1.34523e-26
-1.62982e-26
-2.55578e-26
-2.86595e-26
-2.11635e-26
-2.8631e-26
-4.75852e-26
-4.34447e-26
-2.7035e-26
-9.7171e-27
-3.34024e-27
7.43747e-27
1.26804e-26
-7.66958e-27
-1.53479e-26
2.52441e-28
1.2131e-26
-4.09964e-27
-9.87939e-27
-1.28145e-26
-1.43177e-26
-1.38391e-26
-1.93853e-26
-1.87776e-26
-6.40914e-27
-1.09225e-26
-3.15193e-26
-3.29423e-26
-1.99986e-26
-6.63107e-27
-2.06426e-26
-1.36984e-26
-4.28685e-27
6.15356e-27
1.19883e-26
1.3912e-26
1.00035e-26
-3.76897e-27
-1.00245e-26
-1.34467e-26
-7.54667e-27
2.65441e-27
2.79751e-27
1.17907e-27
1.16222e-26
6.7612e-27
-1.75024e-26
-2.18938e-26
-6.89369e-27
-6.22345e-27
-6.24622e-27
-5.51305e-27
-7.98545e-28
1.40508e-26
1.90866e-26
1.68214e-26
-1.50578e-27
-1.80194e-26
-3.37106e-26
-2.68987e-26
-6.71729e-27
8.63584e-27
8.46769e-27
1.59293e-27
4.88895e-27
-9.3243e-28
-1.03302e-26
-7.23054e-27
-7.25543e-27
-1.11003e-26
-1.06002e-26
-9.73316e-27
-8.53935e-27
1.11586e-26
1.32411e-26
8.92488e-27
3.21486e-27
-1.27454e-26
-2.89737e-26
-1.98553e-26
4.8241e-27
1.86647e-26
1.68949e-26
2.00308e-26
2.06423e-26
9.2878e-27
-2.57448e-27
-1.23498e-26
-1.65832e-26
-9.10625e-27
-1.04781e-26
-1.23093e-26
-1.19965e-26
-8.91277e-27
-6.08392e-27
6.63666e-27
4.62149e-27
-1.57989e-26
-3.00531e-26
-1.19591e-26
-4.24314e-27
3.32816e-27
1.09388e-26
2.39146e-26
3.20663e-26
1.98969e-26
1.50548e-27
-1.80427e-26
-2.03265e-26
5.55235e-27
2.06153e-27
-8.56542e-28
-7.43312e-27
-6.55278e-27
-2.24061e-27
7.57069e-27
3.15371e-27
-1.65408e-26
-2.75945e-26
-1.40071e-26
-5.60653e-27
-7.37974e-27
5.91802e-27
1.73568e-26
2.99361e-26
2.75052e-26
5.64841e-27
-1.77387e-26
-9.96413e-27
1.89182e-26
1.50659e-26
1.30399e-26
1.12833e-26
1.88814e-26
1.96651e-26
1.94437e-26
2.53144e-27
-1.75016e-26
-2.1963e-26
2.36866e-27
1.9182e-26
1.80435e-26
8.56463e-27
1.30784e-26
2.12135e-26
1.03374e-26
-1.40898e-26
-2.01732e-26
4.90023e-27
2.37205e-26
2.11831e-26
2.9707e-26
2.83017e-26
3.36867e-26
2.55967e-26
1.30876e-26
1.05488e-26
-1.95328e-27
-1.70777e-26
3.58519e-27
3.34567e-26
3.0073e-26
5.45105e-27
5.4688e-27
1.2574e-26
2.46225e-27
-2.18134e-26
-2.04126e-26
9.19618e-27
1.84941e-27
1.56682e-26
2.72264e-26
2.03653e-26
7.49332e-27
-3.92169e-27
-5.9936e-27
9.56987e-29
-4.74634e-27
-2.46359e-26
-5.99545e-27
3.07609e-26
2.71865e-26
7.54285e-27
6.14813e-28
2.91216e-27
3.12889e-27
-1.19038e-26
-1.46631e-26
-1.19637e-26
-4.18264e-27
9.13723e-27
1.4249e-26
8.0461e-27
-1.00549e-26
-2.15015e-26
-2.82536e-26
-1.91042e-26
-1.93258e-26
-1.9364e-26
-6.76772e-27
1.72531e-26
1.77755e-26
-3.40436e-27
-6.39368e-27
1.07284e-27
5.82713e-27
-7.84857e-27
-1.39856e-26
-1.87983e-26
-1.79539e-27
3.42703e-27
-1.7995e-27
-6.00902e-27
-1.53045e-26
-2.10841e-26
-2.74937e-26
-2.14503e-26
-1.58692e-26
-1.50859e-26
-7.48175e-27
2.74867e-27
1.26642e-26
-7.42577e-27
-1.52448e-26
-1.53671e-27
8.4705e-28
-6.53978e-27
-1.49574e-26
-2.00495e-26
-2.6143e-27
-9.5563e-28
-1.09683e-26
-1.65411e-26
-2.944e-26
-2.40631e-26
-1.44884e-26
-4.33491e-27
-3.78643e-27
-6.92113e-27
1.0338e-27
2.02421e-27
4.93846e-27
-1.35204e-26
-8.06724e-27
1.41475e-26
1.13519e-26
8.7711e-27
-7.39828e-27
-2.10165e-26
-3.11353e-27
-5.07135e-27
-1.54092e-26
-2.3014e-26
-2.10851e-26
-1.24958e-26
-1.18578e-26
-3.13283e-27
1.13469e-26
1.92486e-26
1.52791e-26
7.64237e-27
-7.66936e-27
-3.41692e-26
-2.14525e-26
-9.0936e-28
1.1887e-26
2.18399e-26
9.9338e-27
-4.60519e-27
-1.92083e-26
-2.42923e-26
-2.52136e-26
-2.28031e-26
-1.49971e-26
-1.01621e-26
-1.30546e-26
-2.51386e-27
1.67659e-26
2.66998e-26
1.97734e-26
7.60145e-28
-1.51605e-26
-3.21355e-26
-3.03907e-26
-1.43039e-26
3.95003e-27
1.65687e-26
6.31583e-27
-1.54401e-26
-2.24732e-26
-1.99319e-26
-1.74291e-26
-1.20687e-26
4.22813e-27
3.68049e-27
2.17579e-27
5.50558e-27
3.09502e-27
8.20791e-27
2.28326e-27
-7.65059e-27
-2.09876e-26
-2.21978e-26
-2.37281e-26
-1.05709e-26
6.57428e-27
9.14733e-27
-4.09429e-28
-2.18683e-26
-8.62288e-27
1.50678e-27
4.40885e-27
-2.61861e-27
2.44593e-27
3.04092e-27
5.03519e-27
9.40947e-27
5.80724e-27
1.00544e-26
4.19125e-27
-1.04357e-26
-1.90307e-26
-2.77503e-26
-3.21438e-26
-1.98292e-26
-1.04267e-26
-1.02204e-27
-7.67913e-27
-2.04542e-26
-2.43995e-26
-6.10459e-27
8.11577e-27
-2.04516e-27
-1.37951e-27
-9.85615e-27
-6.8276e-27
5.81201e-27
8.2542e-27
1.40162e-26
7.53172e-27
-9.00677e-27
-1.20812e-26
-2.37588e-26
-2.95065e-26
-2.59442e-26
-2.14314e-26
-1.76014e-26
-1.47762e-26
-1.99157e-26
-2.82369e-26
-1.05895e-26
8.65633e-27
-5.84765e-27
-2.17082e-26
-2.96356e-26
-1.3031e-26
-1.56547e-29
-7.53263e-27
2.33468e-27
2.8039e-27
-5.0678e-27
-1.88074e-26
-2.40481e-26
-2.53401e-26
-3.217e-26
-3.99561e-26
-4.31477e-26
-2.77834e-26
-1.80935e-26
-1.28784e-26
-4.4183e-27
1.21088e-26
-5.50129e-27
-3.24015e-26
-3.29979e-26
-8.86062e-27
7.15581e-27
-1.19178e-26
-2.39141e-26
-1.57863e-26
-7.87546e-27
-1.80939e-26
-2.52665e-26
-2.07799e-26
-2.23548e-26
-3.15307e-26
-3.86275e-26
-2.31172e-26
-1.2251e-26
6.94145e-28
1.88088e-26
3.23769e-26
2.76713e-26
-8.37566e-27
-2.259e-26
-2.69748e-27
1.77732e-26
-9.78666e-28
-2.39803e-26
-2.33585e-26
-9.88738e-27
-1.14827e-26
-1.86873e-26
-2.03629e-26
-1.65681e-26
-2.62795e-26
-3.50255e-26
-1.83219e-26
-4.74514e-27
8.45553e-27
2.2852e-26
4.34799e-26
4.17539e-26
4.20898e-27
-1.80114e-26
-2.96084e-27
1.92517e-26
1.50963e-27
-1.9406e-26
-2.50656e-26
-1.65708e-26
-1.33055e-26
-2.06262e-26
-2.23784e-26
-7.68076e-27
-2.02854e-26
-2.10928e-26
-3.76464e-27
2.75725e-27
1.88502e-27
3.7794e-27
1.51961e-26
2.00605e-26
5.79938e-27
-1.36813e-27
6.81383e-27
4.48397e-27
-1.06159e-26
-2.52898e-26
-2.68554e-26
-1.31101e-26
-5.46363e-27
-9.41721e-27
-1.6208e-26
-5.23292e-27
-7.50019e-27
-1.60794e-26
-3.12258e-27
2.74833e-27
-1.03435e-26
4.51709e-27
1.12524e-27
-6.27596e-27
8.39077e-28
1.77087e-26
1.66284e-26
-9.2981e-27
-2.45273e-26
-3.49418e-26
-2.94884e-26
-5.62406e-27
1.18315e-26
1.82738e-26
3.55037e-27
2.88506e-28
-2.13653e-27
2.37047e-27
-1.20396e-27
-2.02087e-26
-3.8202e-27
2.7992e-29
-8.11659e-27
-7.1872e-27
1.11293e-26
1.79988e-26
2.52242e-26
8.85586e-27
-1.4098e-26
-3.25407e-26
-2.0128e-26
1.46202e-26
4.06879e-26
4.44635e-26
2.46177e-26
1.23198e-26
2.90093e-27
3.42892e-27
-8.27604e-27
-1.52367e-26
9.25988e-28
-7.88612e-28
-1.44205e-27
3.14017e-27
-5.81675e-27
-6.58926e-27
1.05305e-26
1.73185e-26
-6.44437e-27
-2.78037e-26
-1.16873e-26
1.4378e-26
3.03513e-26
3.18734e-26
2.81378e-26
2.35792e-26
7.05685e-27
-6.43741e-28
-6.59358e-27
-3.97897e-27
2.23819e-26
3.60341e-27
-3.11653e-27
-3.09615e-27
-1.62978e-26
-1.69576e-26
1.16779e-26
1.59336e-26
-2.55207e-27
-1.38848e-26
-9.06432e-27
7.72613e-27
1.1492e-26
1.31456e-26
1.90507e-26
3.35738e-26
2.46404e-26
3.52586e-27
1.00632e-27
1.63368e-26
3.88337e-26
1.07923e-26
7.25848e-28
3.2183e-27
6.23448e-27
1.69889e-27
1.33558e-26
8.53289e-27
-4.01514e-28
-1.2361e-28
1.40731e-26
2.68985e-26
2.67744e-26
1.32046e-26
1.13178e-26
2.72795e-26
2.19116e-26
-5.3548e-27
3.64672e-27
3.57396e-26
3.35495e-26
2.1123e-26
1.99819e-26
1.82744e-26
1.81495e-26
6.09806e-27
1.14666e-28
1.55449e-27
1.15929e-27
7.11238e-27
2.34158e-26
3.63765e-26
2.76169e-26
2.8067e-27
4.63336e-27
1.76227e-26
8.48354e-27
-1.6824e-26
-9.12791e-27
2.59848e-26
2.33549e-27
1.47903e-26
2.37283e-26
1.75071e-26
1.31977e-26
-4.32345e-27
-1.95208e-26
-2.12058e-26
-1.08531e-26
-4.51619e-27
1.20709e-26
3.12948e-26
1.62146e-26
-5.75376e-28
5.91226e-27
1.69406e-26
1.48765e-27
-2.14788e-26
-2.40004e-26
-1.12664e-26
-7.79915e-27
1.01448e-26
2.22692e-26
2.40062e-26
8.45309e-27
-1.2319e-26
-3.46627e-26
-3.40055e-26
-1.98953e-26
-6.35859e-27
9.36209e-27
1.78705e-26
2.14191e-26
1.2259e-26
1.35694e-26
2.10588e-26
4.28969e-27
-1.63852e-26
-2.36169e-26
-2.62818e-26
-8.33816e-27
9.15923e-27
7.66924e-27
4.80265e-27
-5.98201e-27
-1.79897e-26
-3.43978e-26
-3.34419e-26
-1.33113e-26
-1.79967e-27
-4.78671e-28
9.73694e-27
2.26768e-26
8.80674e-27
7.44122e-28
6.97558e-27
-4.75591e-27
-6.02549e-27
-1.4718e-26
-2.53452e-26
1.00642e-26
8.20274e-27
-1.40293e-26
-1.61903e-26
-2.24315e-26
-2.0248e-26
-3.0214e-26
-2.97194e-26
-9.28135e-27
-3.39028e-27
-6.42117e-27
-5.02889e-27
6.28413e-27
-6.04822e-27
-4.70825e-27
1.22364e-26
1.28535e-26
1.61902e-26
-2.22473e-27
-7.53767e-27
1.09268e-26
-2.63883e-27
-2.91276e-26
-3.9117e-26
-3.52596e-26
-2.58129e-26
-3.35878e-26
-3.16998e-26
-2.92955e-27
5.45029e-27
2.37066e-27
3.01035e-28
-1.09457e-26
-2.53063e-26
-1.12288e-26
9.52233e-27
2.39469e-26
2.88328e-26
2.11117e-26
1.08344e-26
-5.51595e-27
-1.25202e-26
-3.41996e-26
-3.99763e-26
-3.15247e-26
-2.61394e-26
-3.09783e-26
-2.45073e-26
-1.21171e-27
8.86156e-27
3.14911e-27
-4.64078e-27
-9.95609e-27
-8.25551e-27
-3.53811e-27
5.49977e-28
7.88443e-27
2.078e-26
1.78556e-26
3.38599e-27
-2.58371e-27
-7.22532e-27
-2.49764e-26
-1.89625e-26
-6.26101e-27
-8.60086e-27
-1.88309e-26
-1.87061e-26
-9.44401e-27
-1.49603e-27
-9.26816e-27
-2.10904e-26
-1.0559e-26
1.01477e-26
1.49053e-26
4.67419e-27
-2.51432e-27
6.92149e-27
8.52089e-27
-2.35077e-28
1.61639e-26
1.59206e-26
7.90836e-27
-5.74109e-27
-6.59254e-27
-1.13166e-26
-2.0053e-26
-1.18132e-26
7.44506e-27
1.77007e-26
-4.55423e-27
-2.4264e-26
-1.32629e-26
3.90827e-27
1.12805e-26
1.536e-26
1.09197e-27
2.51841e-27
7.86324e-28
1.94042e-27
3.51937e-27
1.37589e-26
1.62563e-26
-1.27297e-27
-2.32115e-27
-1.76138e-26
-2.30174e-26
-2.80484e-27
1.68826e-26
1.94918e-26
-3.28161e-27
-1.61646e-26
-5.671e-27
-7.96788e-27
4.57596e-27
1.54543e-26
4.68287e-28
-4.56021e-27
-1.36552e-27
6.09505e-28
-2.66272e-27
7.8625e-27
1.44266e-26
1.85191e-27
-1.77697e-26
-3.68016e-26
-2.84135e-26
-3.84253e-27
2.39647e-27
6.20503e-27
3.48086e-27
-1.04304e-27
-1.42548e-26
-2.49004e-26
-1.16339e-26
-1.59785e-26
-2.97318e-26
-2.72654e-26
-1.86938e-26
-7.94401e-27
-2.35819e-28
3.77199e-27
1.62361e-26
6.17358e-27
-2.2532e-26
-4.13944e-26
-2.52099e-26
-3.33301e-27
-7.41018e-27
-1.65496e-26
-1.16754e-26
-5.48742e-27
-3.10524e-26
-4.3676e-26
-2.06287e-26
-1.73742e-26
-2.31493e-26
-2.50392e-26
-1.53739e-26
-1.07496e-27
2.58087e-27
2.65788e-26
4.62882e-26
3.65314e-26
-4.62115e-28
-2.13402e-26
-9.26396e-27
8.52049e-28
-5.6838e-27
-2.31579e-26
-2.10353e-26
-4.35353e-27
-2.20178e-26
-3.7687e-26
-2.25009e-26
-5.10049e-27
-1.76872e-26
-2.14243e-26
-1.16493e-26
-3.75351e-27
4.21355e-27
3.43045e-26
5.70379e-26
5.01285e-26
1.58897e-26
3.13333e-28
3.50607e-27
8.60609e-27
1.21293e-28
-2.10102e-26
-1.7165e-26
-6.97369e-27
-1.37869e-26
-2.71028e-26
-2.87274e-26
-4.58741e-27
-1.62244e-26
-1.04363e-26
3.41176e-27
-5.66845e-27
-9.30786e-27
1.53561e-26
2.78638e-26
1.91037e-26
2.87124e-27
-5.64383e-28
5.10124e-27
-4.69922e-27
-1.68023e-26
-2.43029e-26
-2.03233e-26
-1.04158e-26
-7.90058e-27
-1.30863e-26
-1.94996e-26
-4.32391e-27
-5.48651e-27
-6.89083e-27
-8.34992e-29
-1.57808e-26
-1.07116e-26
-5.91291e-27
-1.19116e-26
-1.35448e-26
-2.66661e-28
1.63686e-26
1.73714e-26
-9.63592e-27
-3.6333e-26
-3.79213e-26
-2.10137e-26
-4.71818e-27
5.4718e-27
1.33351e-26
1.22266e-26
1.15547e-26
4.31765e-27
-2.57529e-27
-7.79471e-27
-1.70088e-26
-1.45034e-26
-1.07976e-26
-1.55496e-26
-4.5396e-27
1.24175e-26
2.19856e-26
2.96056e-26
8.34825e-27
-1.93284e-26
-2.86066e-26
-1.173e-26
1.21825e-26
3.09988e-26
3.94779e-26
3.41717e-26
2.3646e-26
7.442e-27
6.82097e-27
-8.21514e-28
-1.47865e-26
-1.12855e-26
-1.43799e-26
6.84617e-28
1.66475e-26
6.10861e-27
6.97874e-28
1.80045e-26
1.79809e-26
4.53555e-27
-3.52557e-27
3.63378e-27
1.77973e-26
2.91725e-26
3.0304e-26
3.36216e-26
2.47804e-26
7.42664e-27
3.22597e-28
-1.6024e-27
-2.71491e-27
1.53053e-26
6.36733e-28
3.0532e-27
1.22582e-26
-6.85217e-27
-1.38257e-26
7.06818e-27
2.03125e-26
1.99513e-26
9.25743e-27
5.92248e-27
1.08087e-26
1.53314e-26
1.25897e-26
2.2349e-26
3.29054e-26
2.23103e-26
5.88934e-27
1.58282e-27
1.53231e-26
2.10417e-26
3.74409e-27
-7.63747e-27
-7.5101e-28
-3.84304e-27
-1.70257e-26
-3.18638e-27
1.3286e-26
1.45775e-26
1.47817e-26
2.54127e-26
2.49813e-26
2.10328e-26
1.17554e-26
1.34664e-26
3.31546e-26
3.27104e-26
1.01395e-26
9.60754e-27
2.61316e-26
1.08955e-26
7.02421e-27
4.66894e-27
2.70762e-27
2.39863e-27
-5.74589e-27
-7.1354e-27
-5.2377e-27
8.70488e-28
2.27358e-26
3.53714e-26
3.0331e-26
7.8506e-27
-9.03602e-27
2.77538e-27
2.43964e-26
1.899e-26
4.65685e-28
4.51602e-27
1.38121e-26
-3.60149e-27
7.08988e-27
1.2185e-26
1.00914e-26
1.10706e-26
-6.88341e-28
-1.60277e-26
-1.99292e-26
-1.12587e-26
1.39345e-26
2.07172e-26
1.60724e-26
-4.95667e-27
-1.03681e-26
9.19566e-27
2.34402e-26
4.68835e-27
-1.1699e-26
-1.90786e-26
-1.80386e-26
-1.60124e-26
-2.64369e-27
3.88692e-28
2.49949e-27
1.91189e-27
-1.21549e-26
-2.53482e-26
-2.64927e-26
-1.00302e-26
3.79137e-27
1.19771e-26
3.29256e-27
-8.12498e-27
8.40494e-28
1.21631e-26
7.16715e-27
-1.2196e-27
-1.36905e-26
-1.89614e-26
-2.7278e-26
-9.84194e-27
4.93556e-27
-5.6181e-27
-1.28019e-26
-8.4295e-27
-1.43701e-26
-2.49066e-26
-3.19214e-26
-9.3739e-27
5.86784e-28
5.26192e-28
4.78175e-28
-2.5304e-27
-5.80853e-27
-4.43423e-27
-1.04808e-26
-1.0057e-26
-1.21076e-26
-1.51422e-26
-2.6522e-26
2.01249e-26
2.19633e-26
-1.39833e-26
-1.71014e-26
-5.47199e-27
-1.21495e-26
-3.0657e-26
-3.62691e-26
-1.39035e-26
-1.21031e-26
-1.43293e-26
-8.53765e-27
-1.29828e-26
-1.71574e-26
-1.69647e-26
-5.81498e-27
1.58229e-27
1.25918e-27
-3.08062e-27
-9.49726e-27
2.4641e-26
1.34717e-26
-2.48135e-26
-2.87978e-26
-1.97205e-26
-2.80019e-26
-4.28424e-26
-4.26603e-26
-1.48223e-26
-1.5229e-26
-1.29751e-26
-9.45264e-27
-1.59656e-26
-2.17959e-26
-1.43168e-26
5.34524e-27
1.18847e-26
1.10039e-26
5.49479e-27
6.93173e-27
1.23108e-26
4.27766e-27
-2.6966e-26
-4.16336e-26
-4.41077e-26
-5.28226e-26
-4.3576e-26
-3.16888e-26
-9.21959e-27
-9.26046e-27
-1.02104e-26
-8.02492e-27
-8.35247e-27
8.35724e-28
3.38018e-27
2.70095e-27
2.09447e-27
9.98347e-27
6.50535e-27
8.18849e-27
1.01681e-26
3.42879e-27
-2.31628e-26
-3.35565e-26
-3.8735e-26
-4.32044e-26
-3.50506e-26
-1.42977e-26
-2.73241e-27
-5.39867e-27
-1.60876e-26
-1.77923e-26
-3.46331e-28
2.42212e-26
3.46135e-26
1.46232e-26
-1.83858e-27
4.46904e-27
3.31303e-27
5.84535e-27
2.2649e-26
1.44849e-26
-1.59299e-27
-1.86838e-26
-2.66583e-26
-3.07863e-26
-1.86911e-26
1.84667e-27
1.42969e-26
1.46932e-27
-1.16096e-26
-1.84074e-26
-7.01806e-27
2.1787e-26
3.66437e-26
3.03827e-26
1.71661e-26
1.61347e-26
1.48176e-26
1.4831e-26
1.86815e-26
1.42386e-26
8.93332e-27
-3.31363e-27
-8.03997e-27
-2.23807e-26
-1.00978e-26
1.14101e-26
2.67165e-26
2.12002e-26
1.71066e-27
-8.4298e-27
-9.9958e-27
1.06743e-27
2.228e-26
3.44277e-26
1.90214e-26
1.73748e-26
2.64951e-26
2.42248e-26
1.38307e-26
1.58664e-26
1.6602e-26
1.07886e-26
-4.75309e-27
-2.11995e-26
-1.40556e-26
1.10663e-27
1.20079e-26
8.69076e-27
4.37709e-27
4.69187e-28
-1.88605e-26
-2.54981e-26
-4.01217e-27
4.31892e-27
-5.22503e-27
-1.62284e-27
1.43015e-26
1.9705e-26
1.2219e-26
9.70408e-27
1.94909e-26
1.41036e-26
-1.14896e-26
-2.5538e-26
-1.74998e-26
-1.04149e-26
-1.05939e-26
-1.48154e-26
-1.06684e-26
-8.67919e-28
-2.08762e-26
-4.18028e-26
-2.73338e-26
-1.34301e-26
-1.17586e-26
-1.0977e-26
4.23717e-27
1.22527e-26
9.09888e-27
2.02478e-26
3.70273e-26
2.77681e-26
-2.31242e-27
-1.69857e-26
-1.10845e-26
-8.64916e-27
-1.79656e-26
-2.26182e-26
-8.41241e-27
-4.03754e-27
-2.34188e-26
-4.1553e-26
-2.84412e-26
-1.13747e-26
-1.09119e-26
-1.62961e-26
-4.24017e-27
3.77281e-27
9.57774e-27
2.65881e-26
4.39453e-26
3.18496e-26
7.49987e-27
4.68692e-27
2.07078e-27
-9.40224e-27
-1.78598e-26
-1.57044e-26
-1.62678e-27
-8.07237e-27
-2.27613e-26
-4.20272e-26
-3.61553e-26
-4.83646e-27
-4.13501e-27
-8.18927e-27
-3.82988e-27
-2.17146e-27
-1.12996e-26
8.77133e-27
1.83899e-26
5.39029e-27
2.42947e-28
6.14922e-27
5.83105e-27
-9.58058e-27
-2.83484e-26
-2.18653e-26
-8.7121e-27
-6.06213e-27
-9.91269e-27
-1.85292e-26
-2.2337e-26
5.23164e-27
7.61407e-28
-1.33878e-26
-1.26815e-26
-2.2349e-26
-1.12497e-26
-2.08049e-26
-1.03735e-26
-1.23376e-26
-1.15094e-26
6.32948e-27
1.80542e-26
-6.3465e-27
-2.85999e-26
-2.72282e-26
-1.54828e-26
-5.4935e-28
-4.23261e-27
-5.27117e-27
-8.44419e-27
-5.12438e-27
-7.27163e-27
-5.60283e-27
-7.67647e-28
-8.62003e-27
-2.59615e-26
-2.23366e-26
-1.30625e-26
-8.06163e-27
-5.45203e-27
9.05231e-27
2.42932e-26
3.12514e-27
-1.88925e-26
-1.86023e-26
-1.28159e-26
-4.29493e-27
4.59878e-27
1.12919e-26
1.08361e-26
8.60523e-27
6.34328e-27
1.11722e-26
1.28524e-26
-1.00171e-26
-2.65317e-26
-1.62512e-26
4.52221e-27
5.61849e-27
-1.56218e-27
-8.47316e-28
1.11323e-26
5.77573e-27
3.71954e-27
1.81865e-27
7.13029e-28
2.20561e-27
1.21615e-26
1.95893e-26
2.74766e-26
2.09221e-26
-3.95447e-28
4.26623e-27
1.97961e-27
-1.49644e-26
-5.73955e-27
3.53103e-27
1.39652e-26
1.05526e-26
-8.77784e-27
-1.50189e-26
-1.19878e-26
6.74996e-28
5.43991e-27
9.10045e-28
5.00566e-27
1.05604e-26
1.45714e-26
1.65627e-26
3.19264e-26
2.90507e-26
9.00375e-27
8.96042e-27
1.47015e-27
-8.58396e-27
3.54432e-27
1.02345e-26
3.40844e-27
-6.69727e-27
-1.66892e-26
-2.83365e-26
-2.20904e-26
-9.146e-27
-7.07398e-27
-9.77863e-28
1.51048e-26
1.85119e-26
1.28053e-26
9.08501e-27
1.71682e-26
2.39591e-26
1.33296e-26
1.14175e-26
9.32723e-27
2.93119e-27
-2.09654e-27
6.94054e-27
4.45053e-28
-4.11076e-27
-7.0213e-27
-1.82178e-26
-1.17205e-26
-9.14155e-27
-9.7494e-27
8.61205e-27
2.32904e-26
1.56809e-26
-3.67615e-27
-5.28637e-27
4.17216e-27
1.65274e-26
1.50027e-26
1.74176e-26
1.60304e-26
-3.96711e-28
-7.21546e-27
-6.07184e-27
-5.1876e-27
1.63913e-27
5.88701e-27
-5.0924e-27
-9.64182e-27
-1.09543e-26
-5.73473e-27
9.44155e-27
1.33941e-26
4.2001e-27
-2.16219e-26
-1.77247e-26
4.3909e-27
2.15195e-26
2.06315e-26
1.88147e-26
9.18356e-27
-2.43541e-27
-1.91755e-26
-2.92221e-26
-2.77124e-26
-2.64481e-26
-1.8929e-26
-1.50417e-26
-1.27029e-26
-7.45948e-27
1.38564e-27
8.70522e-27
6.88166e-27
-9.15705e-27
-3.8188e-26
-3.03461e-26
-6.29601e-27
2.94675e-27
1.24342e-26
7.50479e-27
7.30244e-28
-3.48753e-27
-1.17636e-26
-1.65432e-26
-2.50884e-26
-3.45135e-26
-2.49178e-26
-1.58313e-26
-1.65284e-26
-1.27997e-26
-1.0615e-27
-2.23573e-27
-7.15102e-27
-1.58128e-26
-2.89897e-26
-2.85102e-26
-1.87125e-26
-1.98764e-26
-6.1834e-27
-3.83177e-27
-7.95385e-27
-1.26636e-26
7.95099e-27
1.61785e-27
-2.35592e-26
-2.66088e-26
-1.47552e-26
-2.18675e-26
-3.58615e-26
-2.98896e-26
-1.28945e-26
-1.11657e-26
-7.29928e-27
3.63756e-28
-8.12164e-27
-1.99952e-26
-2.20025e-26
-1.84342e-26
-1.26475e-26
-1.10082e-26
-8.67395e-27
-7.44915e-27
1.24949e-26
-9.92802e-29
-2.24904e-26
-1.76407e-26
-1.22047e-26
-3.28426e-26
-4.78245e-26
-4.78719e-26
-2.96199e-26
-1.57887e-26
-4.00938e-27
7.70681e-27
5.74171e-28
-1.24501e-26
-2.00562e-26
-1.29575e-26
-1.3745e-26
-1.59042e-26
-1.05126e-26
3.08152e-27
7.61505e-27
2.87241e-27
-2.2967e-26
-3.20998e-26
-3.87339e-26
-5.67749e-26
-5.44978e-26
-4.36328e-26
-3.19222e-26
-2.38995e-26
-1.45802e-26
1.24068e-27
8.68082e-27
6.24071e-27
-2.77568e-27
-8.08624e-27
-7.70884e-27
-6.24683e-28
2.25688e-27
1.17621e-26
1.05783e-26
1.36451e-27
-2.39817e-26
-4.16825e-26
-5.04636e-26
-5.79025e-26
-4.55279e-26
-2.50767e-26
-1.87026e-26
-2.25011e-26
-2.24863e-26
-3.27156e-27
1.18775e-26
2.28177e-26
1.79334e-26
6.35369e-27
1.08303e-26
2.14434e-26
1.16816e-26
8.20893e-27
2.44078e-26
7.44983e-27
-1.00668e-26
-2.56608e-26
-3.0449e-26
-3.42014e-26
-2.09004e-26
-1.25403e-27
5.36818e-27
-3.41032e-27
-1.38085e-26
-1.38724e-26
1.48682e-27
2.31041e-26
3.25457e-26
2.68344e-26
3.12005e-26
3.6425e-26
2.81206e-26
2.84437e-26
2.87649e-26
1.13811e-26
9.59543e-27
3.07193e-27
-6.02534e-27
-1.3827e-26
-3.54632e-27
1.34028e-26
3.08108e-26
2.29097e-26
2.41995e-27
-8.65239e-27
-6.33724e-27
6.39608e-27
1.83902e-26
3.32271e-26
3.96744e-26
3.7538e-26
4.73196e-26
4.77201e-26
3.26263e-26
2.27409e-26
2.0474e-26
1.84566e-26
1.15881e-26
2.50081e-27
5.99643e-27
1.43293e-26
2.28678e-26
1.0118e-26
2.38492e-27
-2.35722e-27
-1.47189e-26
-2.05368e-26
-9.96554e-27
1.32234e-26
2.17714e-26
2.9063e-26
4.48149e-26
4.70388e-26
3.32515e-26
2.2638e-26
2.03641e-26
1.71541e-26
5.07396e-27
-2.39865e-27
3.47484e-27
1.17514e-27
-1.15464e-26
-1.92679e-26
-4.56618e-27
5.20961e-27
-1.20518e-26
-3.30847e-26
-2.88845e-26
-1.52492e-26
3.17155e-27
1.83336e-26
2.56353e-26
3.1841e-26
2.50278e-26
2.67007e-26
3.01458e-26
1.69459e-26
4.57525e-28
-4.54298e-27
-1.02247e-26
-8.09556e-27
-2.38098e-26
-2.78201e-26
-4.98954e-27
-2.13889e-27
-1.92487e-26
-3.42636e-26
-3.40263e-26
-2.22043e-26
-1.3264e-26
-6.22367e-27
1.37283e-27
1.5648e-26
1.88863e-26
2.80044e-26
3.30001e-26
2.07615e-26
8.02768e-27
5.70261e-27
-2.51514e-27
-5.59061e-27
-1.54262e-26
-1.23345e-26
2.63217e-27
-5.83759e-27
-2.14278e-26
-4.25907e-26
-4.64599e-26
-2.5132e-26
-1.62421e-26
-1.26867e-26
-1.13479e-26
6.11784e-27
4.23883e-27
5.06943e-27
1.17314e-26
7.57168e-27
-2.26025e-27
3.19992e-27
4.31996e-27
-9.24198e-27
-1.91219e-26
-1.60557e-26
-5.90135e-27
4.45497e-27
-1.88189e-27
-3.03742e-26
-4.01306e-26
-1.83078e-26
-1.50423e-26
-1.32174e-26
-1.02486e-26
-1.17374e-26
-3.121e-26
-2.83773e-26
-9.33391e-27
-1.26501e-26
-2.77306e-26
-8.37022e-27
1.33877e-26
1.03028e-26
3.89032e-27
-1.0224e-27
-4.26615e-27
-8.87287e-27
-1.71273e-26
-2.83451e-26
-2.57201e-26
-1.80123e-26
-1.33166e-26
3.1804e-27
6.01386e-28
-2.45052e-26
-3.38526e-26
-2.99372e-26
-1.68823e-26
-2.27862e-26
-2.86232e-26
-9.00992e-27
5.02573e-27
7.42937e-27
-3.67962e-27
1.51729e-27
-5.22254e-27
-2.11647e-26
-1.68633e-26
-1.73752e-26
-1.13552e-26
-5.08567e-27
-3.43391e-27
1.65833e-26
1.60712e-26
-1.66254e-26
-2.07641e-26
-1.48974e-26
-6.20662e-27
-1.24405e-26
-1.90733e-26
-1.49334e-26
-4.05566e-27
-3.57453e-27
-7.4776e-27
-1.13335e-27
-4.52314e-27
-1.81722e-26
-1.41412e-26
-8.44198e-27
1.42153e-27
3.21052e-27
-8.70612e-27
-3.80937e-28
8.43572e-27
-1.09506e-26
-1.67214e-26
-1.25869e-27
8.92577e-27
-4.61793e-27
-1.50008e-26
-1.82593e-26
-1.66876e-26
-7.03129e-27
-1.16307e-26
-1.42418e-26
-8.09365e-27
-1.16977e-27
-7.4147e-28
-3.32104e-27
1.03517e-26
7.70999e-27
-1.02451e-26
-8.34091e-27
3.57814e-27
-8.62455e-27
-8.43654e-27
6.05826e-27
5.8622e-27
-7.277e-27
-1.53586e-26
-2.01996e-26
-1.94969e-26
-9.83059e-27
-1.28067e-26
-7.87697e-27
1.94917e-27
1.39932e-26
1.29238e-26
9.0564e-27
1.58646e-26
1.06552e-26
-5.87757e-27
4.18855e-27
1.14464e-26
-6.90828e-27
-5.7286e-27
3.48234e-27
3.66319e-27
-1.49158e-27
-6.74923e-27
-8.77273e-27
2.95868e-27
6.62755e-27
-7.54541e-27
-2.38662e-28
5.83936e-27
4.09477e-27
3.32872e-27
4.9969e-27
1.58857e-26
1.74937e-26
1.60111e-26
2.53152e-26
1.99046e-26
9.01641e-28
8.24996e-27
-1.09014e-26
-1.01476e-26
7.22653e-27
1.64024e-26
3.20099e-27
1.25987e-26
2.31039e-26
7.08024e-27
5.20947e-27
-7.17495e-28
-1.65344e-26
-2.48378e-26
-1.43738e-26
3.84853e-27
2.33671e-26
2.81579e-26
3.34495e-26
2.74106e-26
2.10715e-26
1.78687e-27
-2.48906e-26
-2.6314e-26
-1.7628e-26
6.91975e-28
4.34232e-27
1.75554e-26
2.77369e-26
1.81165e-26
6.03017e-27
-7.84545e-27
-2.46616e-26
-4.15779e-26
-3.55509e-26
-1.60293e-26
1.4322e-26
2.24014e-26
2.56259e-26
2.79501e-26
2.77871e-26
-2.71198e-27
-1.91293e-26
-2.38565e-26
-2.88733e-26
-1.81698e-26
1.94079e-27
1.14597e-26
1.01681e-26
1.12802e-26
-7.23049e-27
-1.59314e-26
-2.33964e-26
-3.53275e-26
-2.89584e-26
-1.69205e-26
-1.00577e-26
-2.56551e-27
1.35452e-26
2.00212e-26
1.86641e-26
1.97326e-28
-9.5027e-27
-1.09866e-26
-1.25139e-26
-1.17794e-26
-1.1376e-26
-1.25843e-26
-1.83455e-26
-9.19208e-27
-3.76654e-27
1.51579e-27
5.96878e-27
1.1888e-27
-1.1497e-26
-7.66151e-27
-1.68572e-26
-2.13511e-26
-6.57641e-27
6.0103e-27
1.122e-26
-3.44372e-27
-7.51935e-27
-3.10863e-27
3.68391e-27
1.94202e-28
-1.97034e-26
-3.38024e-26
-4.19028e-26
-2.91839e-26
-1.96159e-27
2.0686e-26
3.44764e-26
2.19827e-26
-1.04239e-27
-1.17872e-26
-2.38902e-26
-2.2573e-26
-8.29654e-27
-3.55995e-27
5.09672e-27
-2.34573e-28
4.48399e-27
-5.78412e-27
-7.26005e-27
-1.01186e-26
-3.17703e-26
-5.37061e-26
-5.59916e-26
-4.46304e-26
-2.70452e-26
-6.6762e-27
1.87508e-26
2.94017e-26
1.75477e-26
-3.64274e-27
-1.67717e-26
-9.76614e-27
2.85134e-27
8.26062e-27
6.10172e-27
3.68941e-27
7.07192e-27
-3.47461e-27
-2.23517e-26
-2.3722e-26
-3.44715e-26
-4.85432e-26
-5.08248e-26
-3.94997e-26
-3.14813e-26
-3.05931e-26
7.95993e-28
2.83381e-26
2.60053e-26
1.77525e-27
-1.75896e-27
9.46066e-27
1.88015e-26
1.71646e-26
1.23358e-26
2.74112e-26
2.1903e-26
8.6718e-27
-1.0263e-26
-1.40733e-26
-1.8127e-26
-2.32763e-26
-1.91552e-26
-2.37565e-27
5.43457e-29
-1.41158e-26
-6.28013e-27
1.53499e-26
1.4235e-26
5.27514e-27
1.28165e-26
3.4373e-26
3.95669e-26
2.82465e-26
3.19673e-26
4.8589e-26
3.3308e-26
2.78965e-26
2.05774e-26
1.84488e-26
6.07545e-27
-4.83981e-27
6.64586e-27
3.07207e-26
3.02199e-26
1.01375e-26
-3.80872e-27
4.78241e-27
1.32348e-27
1.08903e-26
2.90231e-26
4.47238e-26
4.83431e-26
4.94857e-26
5.75253e-26
5.21372e-26
3.48939e-26
2.57906e-26
1.91213e-26
1.83045e-26
1.45487e-26
6.80771e-27
8.37876e-27
2.48413e-26
1.80959e-26
1.28475e-26
5.31019e-27
-7.06045e-27
-1.87055e-26
-9.52512e-27
2.18779e-26
4.10656e-26
4.66609e-26
5.78025e-26
6.34815e-26
4.50641e-26
3.05252e-26
1.26511e-26
8.17378e-27
3.465e-27
8.61359e-27
1.26269e-26
-1.00639e-27
-9.33817e-27
-7.3289e-27
1.08402e-26
1.26321e-26
-8.38212e-27
-2.10476e-26
-2.03122e-26
-6.58579e-27
1.67983e-26
2.48895e-26
3.62842e-26
5.38835e-26
2.88423e-26
3.46819e-26
3.34845e-26
1.93943e-26
5.88833e-27
4.37553e-27
5.64518e-27
-5.07693e-27
-2.58618e-26
-2.3198e-26
2.53405e-27
4.45065e-27
-1.66424e-26
-1.74467e-26
-2.06463e-26
-2.37939e-26
-1.98397e-26
-7.26739e-27
5.37158e-27
2.41045e-26
1.18071e-26
2.6816e-26
4.35919e-26
3.09556e-26
9.983e-27
7.08363e-27
1.05696e-27
-2.98664e-27
-1.35051e-26
-1.35875e-26
-3.32422e-27
2.35469e-27
-1.47925e-26
-2.16522e-26
-2.84607e-26
-3.36081e-26
-2.91822e-26
-1.50346e-26
-1.36141e-27
4.04683e-27
-8.76848e-27
8.32216e-28
2.09695e-26
1.41295e-26
-1.91022e-27
1.34753e-27
9.98829e-28
-1.00448e-27
1.04175e-27
-5.5164e-27
-8.08371e-27
1.87835e-27
-1.17196e-26
-3.06403e-26
-3.51343e-26
-2.9481e-26
-2.49179e-26
-1.08256e-26
-6.03271e-27
-1.32173e-26
