-8.76867e-13
-4.3978e-13
-3.62113e-13
-4.96166e-13
-5.17894e-13
-6.60186e-13
-8.42341e-13
-7.5534e-13
-5.13475e-13
-4.76322e-13
-3.78604e-13
2.49888e-15
5.08175e-13
4.88122e-13
9.07587e-14
-3.29964e-13
-6.81541e-13
-1.21142e-12
-1.37991e-12
-1.1738e-12
-8.08123e-13
-4.71584e-13
-2.83953e-13
-2.79938e-13
-2.54519e-13
-2.85505e-13
-5.39599e-13
-7.56965e-13
-5.84473e-13
-4.97429e-13
-3.12544e-13
6.41281e-14
3.22161e-13
1.72367e-13
-1.50911e-13
-5.36443e-13
-9.88819e-13
-1.42486e-12
-1.46724e-12
-1.20101e-12
-4.90377e-13
-1.57857e-13
2.06581e-14
1.91503e-13
3.26995e-13
2.35961e-13
-1.43424e-13
-6.39664e-13
-4.10578e-13
-2.49262e-13
-1.3279e-13
-1.78109e-14
-9.01471e-14
-1.92028e-13
-4.13832e-13
-9.14455e-13
-1.23891e-12
-1.42033e-12
-1.28233e-12
-9.666e-13
-1.71014e-13
2.56278e-13
4.55306e-13
6.12721e-13
7.85534e-13
7.12557e-13
3.92341e-13
-8.78101e-14
-1.53587e-13
-1.28718e-13
-2.52326e-13
-3.62559e-13
-3.62818e-13
-3.97121e-13
-7.37045e-13
-1.23296e-12
-1.28572e-12
-1.15896e-12
-9.11621e-13
-6.89546e-13
1.6166e-13
5.46827e-13
7.0919e-13
8.893e-13
1.00084e-12
8.51546e-13
6.56915e-13
3.64656e-13
1.8444e-14
-2.41093e-13
-4.16884e-13
-5.4935e-13
-4.83353e-13
-5.17312e-13
-9.04675e-13
-1.2389e-12
-1.11975e-12
-7.9957e-13
-4.56128e-13
-2.83358e-13
3.54653e-13
6.55176e-13
8.35361e-13
9.47429e-13
8.29128e-13
5.72943e-13
4.01888e-13
3.49644e-13
1.04801e-13
-2.5871e-13
-3.55899e-13
-3.88586e-13
-4.33927e-13
-4.42636e-13
-6.91655e-13
-8.15302e-13
-6.41052e-13
-4.41005e-13
-1.64649e-13
1.08618e-13
3.31628e-13
5.37416e-13
6.95688e-13
7.73552e-13
5.14915e-13
2.07687e-13
2.74561e-14
1.06416e-13
2.09266e-13
6.6562e-14
6.74107e-14
-2.38464e-14
-2.71148e-13
-3.84543e-13
-3.58063e-13
-2.54618e-13
-8.89896e-14
-6.01847e-14
-3.37097e-14
1.58282e-13
3.42951e-13
4.12082e-13
5.41054e-13
6.19179e-13
3.28574e-13
-2.3642e-15
-3.93259e-14
4.78571e-14
2.38244e-13
3.12743e-13
3.20306e-13
1.34779e-13
-2.1349e-13
-3.97728e-13
-1.89502e-13
2.22729e-13
3.31233e-13
2.67276e-13
1.36417e-13
1.62045e-13
2.97488e-13
1.88671e-13
2.50654e-13
3.84522e-13
1.84598e-13
-6.5461e-14
1.60931e-14
1.86853e-13
2.32436e-13
2.36888e-13
3.81572e-13
2.59538e-13
-7.02072e-14
-3.13323e-13
-3.07174e-13
4.79341e-15
2.37691e-13
1.0498e-13
7.16077e-14
1.73473e-13
1.24959e-13
2.52247e-14
4.08138e-15
-1.81786e-14
-6.77065e-14
1.59566e-14
1.87706e-13
2.84625e-13
1.45156e-13
9.96884e-14
3.15592e-13
1.48809e-13
-1.65842e-13
-4.29511e-13
-5.8496e-13
-5.738e-13
-4.88541e-13
-4.29819e-13
-1.92089e-13
5.73556e-14
5.05207e-14
6.61936e-14
-4.33001e-14
-1.78089e-13
-9.60729e-14
7.36059e-14
8.98592e-14
1.81052e-13
2.47921e-13
2.13121e-13
2.4765e-13
-7.31238e-14
-5.94615e-13
-9.06153e-13
-9.32023e-13
-1.01947e-12
-1.11378e-12
-9.33083e-13
-5.76413e-13
-1.43582e-13
8.06249e-14
1.97187e-13
2.32257e-13
6.66425e-14
-4.91259e-14
5.67013e-14
1.89663e-13
4.30914e-13
4.40814e-13
5.03456e-13
3.98659e-13
-2.80685e-13
-9.46504e-13
-1.20363e-12
-1.03997e-12
-8.81021e-13
-1.09198e-12
-1.14376e-12
-9.02865e-13
-3.23949e-13
2.2265e-14
2.01212e-13
2.58316e-13
2.22719e-13
1.5338e-13
1.86246e-13
4.83472e-13
7.05039e-13
7.52268e-13
8.29396e-13
5.8163e-13
-2.1232e-13
-9.11051e-13
-1.06772e-12
-8.40596e-13
-6.27026e-13
-1.00322e-12
-1.12744e-12
-7.96356e-13
-3.53362e-13
-5.2997e-14
1.75712e-13
2.23312e-13
3.9078e-13
4.13044e-13
3.61137e-13
5.16466e-13
6.69718e-13
9.45566e-13
9.079e-13
5.35367e-13
-6.71447e-14
-5.7872e-13
-7.01213e-13
-6.9531e-13
-6.66156e-13
-9.29564e-13
-9.574e-13
-6.5009e-13
-3.87094e-13
-6.77507e-14
3.07548e-13
3.80654e-13
3.98185e-13
4.42737e-13
3.98055e-13
4.65066e-13
5.04491e-13
7.45121e-13
5.96594e-13
1.59704e-13
-3.65864e-13
-5.69668e-13
-6.45126e-13
-5.73337e-13
-5.727e-13
-7.00547e-13
-7.10346e-13
-5.9596e-13
-3.99818e-13
1.88549e-14
4.69036e-13
6.50026e-13
5.43159e-13
4.12219e-13
5.08032e-13
7.00036e-13
6.11184e-13
4.53884e-13
1.25769e-13
-2.27291e-13
-5.11041e-13
-6.43093e-13
-5.4652e-13
-3.5743e-13
-3.92159e-13
-4.86611e-13
-4.77248e-13
-4.52658e-13
-3.49918e-13
-1.5623e-13
1.7969e-13
3.91364e-13
4.24472e-13
3.71483e-13
5.18378e-13
7.58807e-13
7.31074e-13
3.3075e-13
-1.56907e-13
-5.72012e-13
-6.62082e-13
-5.22214e-13
-2.81925e-13
-7.16242e-14
-1.55665e-13
-4.09096e-13
-5.82698e-13
-5.85449e-13
-3.8683e-13
-4.8437e-13
-3.92317e-13
-3.49251e-13
-2.3092e-13
-1.77188e-14
7.27538e-14
3.0718e-13
4.40279e-13
1.43297e-13
-3.12945e-13
-7.40034e-13
-6.4846e-13
-2.77946e-13
-1.1313e-13
2.18149e-14
-3.99337e-14
-3.26901e-13
-5.64295e-13
-7.7672e-13
-6.8515e-13
-8.65588e-13
-7.67109e-13
-8.83505e-13
-7.39727e-13
-5.29228e-13
-4.63025e-13
-2.64248e-13
-8.2749e-14
-2.01126e-13
-4.21727e-13
-6.87615e-13
-5.37924e-13
-1.15664e-13
5.84757e-14
1.16097e-13
4.19998e-14
-2.54265e-13
-6.14467e-13
-9.82272e-13
-9.96432e-13
-1.06506e-12
-7.00587e-13
-7.42992e-13
-7.9194e-13
-7.07335e-13
-8.48351e-13
-7.74372e-13
-5.88929e-13
-4.18345e-13
-3.88569e-13
-5.49897e-13
-3.38188e-13
1.78927e-13
3.79613e-13
1.58261e-13
-1.4327e-13
-3.76935e-13
-8.95267e-13
-1.23375e-12
-1.1923e-12
-5.91271e-13
-3.23967e-13
-4.10019e-13
-5.952e-13
-4.91377e-13
-4.45194e-13
-5.22547e-13
-5.60038e-13
-4.84811e-13
-5.42551e-13
-4.84469e-13
-5.48903e-14
1.56798e-13
-9.24104e-14
-4.50959e-13
-7.66373e-13
-8.24639e-13
-1.07928e-12
-1.2335e-12
-1.0571e-12
-6.34718e-13
-3.58884e-13
-2.6553e-13
-3.60006e-13
-2.43967e-13
-1.00118e-13
-2.52119e-13
-5.40889e-13
-4.99405e-13
-4.79179e-13
-2.75619e-13
4.98414e-14
1.83006e-13
-1.3832e-13
-5.73939e-13
-9.35123e-13
-1.1185e-12
-1.42086e-12
-1.46737e-12
-1.0784e-12
-5.84541e-13
-1.84795e-13
-1.35849e-13
-5.92039e-14
6.61833e-14
1.47439e-13
-6.44974e-14
-4.27175e-13
-3.83536e-13
-4.36224e-13
-3.79881e-13
-2.32511e-13
-1.94833e-13
-4.75119e-13
-8.57495e-13
-1.28459e-12
-1.57922e-12
-1.69348e-12
-1.49338e-12
-1.10538e-12
-3.20969e-13
1.46708e-13
2.94392e-13
4.09669e-13
5.34465e-13
5.40622e-13
3.85752e-13
1.49915e-13
-3.1761e-14
-2.14302e-13
-2.68908e-13
-4.50343e-13
-5.88734e-13
-8.31594e-13
-1.16883e-12
-1.59342e-12
-1.78961e-12
-1.6955e-12
-1.3084e-12
-8.89076e-13
-1.67719e-13
2.57854e-13
5.68735e-13
8.23056e-13
1.02851e-12
9.80722e-13
9.66915e-13
7.98871e-13
3.52953e-13
1.14677e-14
-1.38419e-13
-3.30232e-13
-4.66401e-13
-7.08496e-13
-1.1961e-12
-1.50647e-12
-1.49401e-12
-1.27304e-12
-8.39249e-13
-6.2113e-13
1.40558e-13
4.47646e-13
6.5097e-13
1.00264e-12
1.16116e-12
9.3637e-13
7.88925e-13
7.97575e-13
5.85158e-13
2.14533e-13
-5.74454e-14
-6.81743e-14
-7.1281e-14
-2.90782e-13
-6.95662e-13
-8.91083e-13
-8.19417e-13
-6.34665e-13
-3.94163e-13
-2.11198e-13
2.82675e-13
4.1733e-13
6.56158e-13
9.39588e-13
9.36634e-13
6.03325e-13
1.66552e-13
1.36746e-13
4.56108e-13
4.1495e-13
2.43258e-13
2.60252e-13
1.29288e-13
-1.57215e-13
-3.0258e-13
-1.40524e-13
-5.78131e-14
-8.30033e-14
-7.70871e-14
1.05044e-13
2.80219e-13
3.20838e-13
5.74499e-13
7.75599e-13
5.40268e-13
1.36343e-13
-1.65768e-13
-1.32648e-13
3.36636e-13
6.12077e-13
6.25518e-13
5.63039e-13
1.60788e-13
-2.20125e-13
-5.50313e-14
3.06408e-13
4.93384e-13
3.7482e-13
1.6572e-13
1.67885e-13
1.93221e-13
1.10996e-13
2.0958e-13
2.61853e-13
1.09042e-13
-6.70385e-14
-9.42452e-14
2.4075e-14
2.94389e-13
5.90007e-13
6.58766e-13
5.20304e-13
1.86867e-13
-9.34e-14
-9.25008e-14
3.00561e-13
5.94745e-13
4.65126e-13
2.08317e-13
9.62699e-14
1.30652e-13
-1.42848e-14
-1.9092e-13
-3.53748e-13
-3.37505e-13
-1.01946e-13
8.27684e-14
1.00429e-13
1.96317e-13
4.35912e-13
4.818e-13
2.69932e-13
-6.49946e-14
-2.71158e-13
-3.11217e-13
-7.11367e-14
1.78431e-13
2.29405e-13
2.32386e-13
1.81855e-13
3.71033e-13
3.73727e-13
1.38625e-13
-2.73612e-13
-2.12892e-13
2.77217e-14
7.83285e-14
4.77111e-14
2.01228e-13
4.16915e-13
3.35589e-13
-1.10106e-13
-6.52019e-13
-8.45372e-13
-6.27771e-13
-4.52977e-13
-4.38904e-13
-2.16075e-13
8.09121e-14
3.26584e-13
4.612e-13
6.3943e-13
5.57671e-13
1.3297e-13
4.24803e-14
9.96184e-14
9.35462e-14
1.30112e-13
2.57739e-13
5.00549e-13
2.55583e-13
-4.59948e-13
-1.08416e-12
-1.2793e-12
-9.9482e-13
-6.13159e-13
-6.67191e-13
-5.89035e-13
-2.47724e-13
1.68721e-13
2.79374e-13
4.76141e-13
5.17191e-13
3.65266e-13
2.4333e-13
1.16583e-13
2.73203e-13
3.69859e-13
4.66474e-13
6.44455e-13
3.38544e-13
-3.89893e-13
-9.32515e-13
-1.1915e-12
-9.87052e-13
-6.70879e-13
-7.70894e-13
-7.57192e-13
-4.22779e-13
2.38849e-14
-5.48467e-14
3.71503e-13
5.30035e-13
5.0558e-13
4.47187e-13
3.20517e-13
3.07175e-13
5.15508e-13
7.4963e-13
7.31767e-13
2.91361e-13
-2.90974e-13
-6.2474e-13
-7.32678e-13
-7.87496e-13
-6.22857e-13
-7.16713e-13
-7.91131e-13
-5.63775e-13
-2.55258e-13
-1.90065e-13
4.02502e-13
6.59171e-13
5.81567e-13
5.09858e-13
4.97047e-13
5.19054e-13
5.48402e-13
5.87582e-13
3.91051e-13
-1.14011e-13
-5.23709e-13
-6.68465e-13
-6.28555e-13
-6.48661e-13
-4.76021e-13
-5.22418e-13
-7.5282e-13
-7.84416e-13
-5.72631e-13
-1.75796e-13
4.21984e-13
8.20976e-13
6.83914e-13
5.41051e-13
7.19358e-13
8.87715e-13
6.28274e-13
1.93506e-13
-1.5536e-13
-5.55346e-13
-8.65991e-13
-9.31731e-13
-7.9249e-13
-5.4142e-13
-4.59939e-13
-5.08731e-13
-6.69976e-13
-8.75302e-13
-6.87911e-13
-3.78463e-13
5.60627e-14
4.10371e-13
2.3966e-13
3.17571e-13
7.26498e-13
8.99547e-13
5.6317e-13
-1.06834e-13
-6.4821e-13
-1.01395e-12
-1.10264e-12
-1.04339e-12
-8.70462e-13
-5.66867e-13
-5.06628e-13
-6.49568e-13
-8.80004e-13
-1.07576e-12
-8.36475e-13
-6.18175e-13
-4.81088e-13
-4.56992e-13
-5.03383e-13
-1.63969e-13
2.83247e-13
3.13224e-13
6.30226e-14
-4.4697e-13
-9.7745e-13
-1.2006e-12
-1.10475e-12
-9.46309e-13
-8.04849e-13
-5.15917e-13
-4.80735e-13
-8.05712e-13
-9.96817e-13
-1.03191e-12
-9.0893e-13
-7.5692e-13
-8.16639e-13
-1.06308e-12
-1.00314e-12
-6.06896e-13
-2.77837e-13
-2.00195e-13
-3.18379e-13
-6.95586e-13
-9.62489e-13
-1.00706e-12
-9.56765e-13
-7.86677e-13
-6.38704e-13
-4.63111e-13
-4.79469e-13
-7.90103e-13
-9.10025e-13
-1.01213e-12
-9.19491e-13
-8.25406e-13
-7.13765e-13
-8.77006e-13
-9.29583e-13
-7.05782e-13
-5.92541e-13
-4.72383e-13
-4.72357e-13
-5.89804e-13
-6.88183e-13
-7.76423e-13
-6.33057e-13
-3.34806e-13
-2.87711e-13
-4.42685e-13
-5.61496e-13
-6.93347e-13
-9.05123e-13
-1.1333e-12
-1.06392e-12
-1.90616e-13
-5.71373e-14
-2.94629e-13
-5.3595e-13
-2.91544e-13
-1.28864e-14
-1.04872e-14
-1.09241e-13
-1.17763e-13
-2.83913e-13
-3.74672e-13
-9.31806e-14
5.69347e-14
-2.63558e-13
-6.81845e-13
-8.16657e-13
-8.83667e-13
-1.05184e-12
-1.10262e-12
-7.90912e-13
-4.38364e-13
-1.79324e-13
-2.15368e-13
-3.97747e-13
-2.1741e-13
1.11184e-13
8.42629e-14
-8.21087e-14
-7.74783e-14
-7.78354e-14
-1.32189e-13
4.48008e-14
9.43543e-14
-1.91293e-13
-6.82916e-13
-1.025e-12
-1.14519e-12
-1.16765e-12
-1.18703e-12
-9.25506e-13
-4.63867e-13
-1.59893e-13
-1.80816e-13
-1.49987e-13
-8.31042e-15
2.01013e-13
1.99358e-13
-2.83602e-14
-7.78934e-14
-1.94965e-13
-2.58113e-13
-1.34469e-13
-7.61328e-14
-4.4676e-13
-9.8189e-13
-1.40687e-12
-1.62107e-12
-1.61077e-12
-1.46383e-12
-1.02127e-12
-4.5515e-13
3.88383e-14
4.07711e-13
4.99812e-13
5.58394e-13
6.3146e-13
5.01586e-13
4.33518e-13
3.38514e-13
-2.83601e-14
-1.62018e-13
-1.39617e-13
-3.19912e-13
-7.97517e-13
-1.28022e-12
-1.62443e-12
-1.91884e-12
-1.83607e-12
-1.38123e-12
-9.21568e-13
-4.27578e-13
1.5343e-13
7.55331e-13
9.61275e-13
1.17422e-12
1.18212e-12
1.08469e-12
1.10305e-12
8.38674e-13
3.70264e-13
1.85392e-13
2.43163e-13
-9.0828e-14
-6.27719e-13
-1.10509e-12
-1.53728e-12
-1.69803e-12
-1.45039e-12
-9.51441e-13
-6.17677e-13
-1.10453e-13
2.91771e-13
7.44215e-13
1.08243e-12
1.32142e-12
1.23483e-12
1.0599e-12
9.95074e-13
9.48195e-13
6.65998e-13
5.27472e-13
6.24371e-13
3.93315e-13
-9.57465e-14
-6.56254e-13
-1.09418e-12
-1.06124e-12
-7.94031e-13
-5.6701e-13
-3.44155e-13
4.14346e-14
3.04141e-13
6.7331e-13
9.41763e-13
9.66315e-13
7.07365e-13
3.45857e-13
2.04734e-13
5.08572e-13
7.60373e-13
7.14168e-13
7.08832e-13
5.69791e-13
1.64034e-13
-1.80981e-13
-2.22776e-13
-1.57883e-13
-1.17855e-13
-2.85781e-13
-1.60639e-13
6.47301e-14
2.97185e-13
5.28009e-13
6.09817e-13
4.11172e-13
1.12429e-13
-2.08408e-13
-2.66116e-13
2.52803e-13
7.60994e-13
9.11863e-13
9.76609e-13
7.39115e-13
1.91959e-13
7.02141e-14
3.09573e-13
5.15716e-13
3.83665e-13
6.16111e-14
-7.95069e-14
8.71514e-14
7.55702e-14
5.99883e-14
2.23732e-14
-9.41445e-14
-1.79609e-13
-2.71786e-13
-1.48778e-13
2.62513e-13
7.46477e-13
8.32387e-13
8.30926e-13
6.21608e-13
1.76225e-13
5.75107e-14
3.77238e-13
7.29854e-13
6.93723e-13
3.02402e-13
5.09971e-14
2.38369e-13
9.32638e-15
-2.41904e-13
-4.61057e-13
-4.31929e-13
-2.45304e-13
-1.33836e-13
-2.69644e-15
1.84674e-13
4.46522e-13
4.62174e-13
3.54715e-13
1.9381e-13
-9.79446e-14
-1.30054e-13
2.77457e-13
6.26684e-13
7.76637e-13
6.07791e-13
3.68224e-13
7.22038e-13
5.89758e-13
2.90563e-13
-1.57396e-13
-3.29869e-13
-1.78937e-13
-3.31633e-14
-1.8194e-15
1.32195e-13
2.28931e-13
1.83833e-13
-4.30606e-17
-3.60507e-13
-5.64107e-13
-4.26322e-13
6.60353e-14
3.92004e-13
6.52341e-13
8.30812e-13
8.34062e-13
6.75759e-13
7.90711e-13
6.63492e-13
2.79762e-13
2.3593e-14
-8.00156e-14
-4.30613e-14
-2.55706e-14
1.01531e-13
1.26321e-13
-1.07832e-13
-4.25736e-13
-8.69547e-13
-1.01847e-12
-7.24138e-13
-1.87976e-13
1.2753e-13
2.75511e-13
5.56785e-13
7.47572e-13
3.92724e-13
5.76892e-13
6.50239e-13
5.15696e-13
2.54959e-13
-1.60418e-14
-1.16448e-14
7.7134e-14
1.14632e-13
2.15364e-13
-2.78262e-14
-4.59195e-13
-8.44697e-13
-1.06818e-12
-7.16381e-13
-3.32571e-13
-1.8744e-13
-1.52291e-13
1.17286e-13
3.43645e-13
1.33275e-14
3.69577e-13
6.44333e-13
6.30462e-13
4.15101e-13
2.0752e-13
2.77767e-13
4.61912e-13
4.54759e-13
4.11653e-13
1.2321e-13
-2.65777e-13
-5.41219e-13
-7.46755e-13
-6.11634e-13
-3.43548e-13
-2.3807e-13
-3.45305e-13
-2.63425e-13
-9.16271e-14
-2.59975e-13
1.60404e-13
4.83368e-13
5.44994e-13
5.18137e-13
5.20711e-13
6.26652e-13
7.15475e-13
6.14777e-13
3.68459e-13
-2.57514e-14
-2.62067e-13
-3.76138e-13
-4.91368e-13
-5.92906e-13
-3.93413e-13
-3.21054e-13
-6.89369e-13
-7.70973e-13
-5.72727e-13
-3.91123e-13
1.1185e-13
5.05257e-13
4.93064e-13
5.91446e-13
7.59781e-13
8.39069e-13
7.16633e-13
3.12455e-13
-7.37355e-14
-4.41329e-13
-5.86369e-13
-5.39277e-13
-6.13014e-13
-6.30306e-13
-5.75293e-13
-5.1894e-13
-8.4553e-13
-1.17066e-12
-9.60701e-13
-5.29391e-13
-2.91837e-14
1.96424e-13
1.31596e-13
3.05838e-13
6.42286e-13
7.32809e-13
4.34552e-13
-1.09825e-13
-6.75533e-13
-9.63869e-13
-9.35212e-13
-8.54409e-13
-7.21717e-13
-6.48591e-13
-6.27493e-13
-6.82734e-13
-9.60747e-13
-1.27439e-12
-1.07331e-12
-5.05103e-13
-3.38478e-13
-4.23605e-13
-3.66343e-13
-6.41982e-14
3.30448e-13
4.05883e-13
1.10913e-13
-5.59186e-13
-1.13293e-12
-1.27714e-12
-1.26998e-12
-1.13642e-12
-8.53536e-13
-6.03336e-13
-5.84798e-13
-8.43461e-13
-1.08785e-12
-1.12325e-12
-9.40251e-13
-4.40396e-13
-5.29625e-13
-7.69158e-13
-7.96846e-13
-3.39394e-13
3.05314e-14
1.51302e-13
-1.52303e-13
-7.3018e-13
-1.02732e-12
-1.03897e-12
-1.18286e-12
-1.01877e-12
-7.77947e-13
-5.8074e-13
-6.39357e-13
-9.99019e-13
-1.15595e-12
-1.03949e-12
-6.9248e-13
-2.71934e-13
-2.79653e-13
-6.06883e-13
-7.69289e-13
-3.403e-13
-2.56068e-14
2.79443e-14
-1.36538e-13
-3.87678e-13
-6.76718e-13
-7.30082e-13
-7.30452e-13
-4.83766e-13
-4.94677e-13
-5.94019e-13
-6.80485e-13
-9.2471e-13
-1.15913e-12
-1.0725e-12
-6.79193e-13
-3.2094e-13
-6.87868e-14
-1.57862e-13
-1.93113e-13
-2.71293e-14
1.53998e-13
3.24175e-13
2.88803e-13
1.95074e-13
6.86124e-14
-2.22466e-13
-1.02274e-13
9.77281e-14
-1.2773e-13
-3.8257e-13
-6.52943e-13
-8.78955e-13
-9.73761e-13
-9.076e-13
-6.88485e-13
-5.13303e-13
-2.28575e-13
-1.80724e-13
-2.53465e-13
-4.96081e-14
1.61525e-13
3.64148e-13
3.19784e-13
2.11504e-13
1.43138e-13
-1.69173e-13
-3.61143e-14
1.72984e-13
-4.66917e-15
-3.49166e-13
-7.64584e-13
-9.46834e-13
-1.03514e-12
-1.10272e-12
-9.18661e-13
-5.96287e-13
-2.39073e-13
-1.67693e-13
-1.35853e-13
1.12909e-13
3.1462e-13
4.8107e-13
3.51405e-13
2.57255e-13
-2.11936e-14
-3.35772e-13
-1.76404e-13
1.15592e-13
-1.12563e-13
-6.09571e-13
-1.02719e-12
-1.23304e-12
-1.42206e-12
-1.47218e-12
-1.11682e-12
-7.16399e-13
-1.69455e-13
3.01933e-13
4.2471e-13
5.90328e-13
6.51555e-13
6.49469e-13
6.98844e-13
5.75809e-13
8.67029e-14
-2.60512e-13
-9.68456e-14
2.26601e-14
-3.65337e-13
-8.92017e-13
-1.37546e-12
-1.61622e-12
-1.71562e-12
-1.4667e-12
-1.16156e-12
-6.34718e-13
3.20682e-14
6.77517e-13
9.11692e-13
1.00358e-12
8.8481e-13
8.61526e-13
1.17551e-12
1.0216e-12
6.17259e-13
3.0841e-13
4.36307e-13
2.27787e-13
-3.02339e-13
-7.66657e-13
-1.35457e-12
-1.71547e-12
-1.6342e-12
-1.18034e-12
-8.85798e-13
-2.47121e-13
2.14128e-13
5.90573e-13
9.45339e-13
1.11678e-12
9.61244e-13
8.74763e-13
9.47475e-13
9.36494e-13
8.2245e-13
7.34799e-13
7.89635e-13
5.75855e-13
1.02502e-13
-5.07895e-13
-1.05379e-12
-1.26473e-12
-1.07665e-12
-8.67354e-13
-6.04757e-13
9.23982e-14
2.73215e-13
4.05152e-13
6.48327e-13
6.64851e-13
5.06928e-13
2.92332e-13
2.0204e-13
4.33152e-13
7.57953e-13
9.2292e-13
9.02498e-13
7.95205e-13
4.36454e-13
3.94241e-14
-2.30255e-13
-3.06329e-13
-4.14767e-13
-6.75867e-13
-3.56882e-13
2.05451e-13
4.01759e-13
4.54839e-13
5.51295e-13
3.34072e-13
-3.00785e-14
-2.20414e-13
-2.85317e-13
1.90991e-13
7.52828e-13
1.04384e-12
1.09316e-12
9.6639e-13
5.54657e-13
4.31295e-13
4.09528e-13
4.46315e-13
6.06801e-14
-3.23423e-13
-1.15306e-13
2.58494e-13
3.92115e-13
2.58606e-13
2.04828e-13
6.18575e-14
-1.88531e-13
-3.13689e-13
-2.44094e-13
1.23722e-13
5.69387e-13
8.07357e-13
8.35012e-13
6.35204e-13
3.29394e-13
3.23084e-13
4.75879e-13
6.61288e-13
3.64499e-13
1.84375e-13
2.44368e-13
5.85715e-13
4.65699e-13
5.88471e-14
-1.39994e-13
-1.62371e-13
-1.64969e-13
-1.45655e-13
9.8286e-15
9.19582e-14
2.49747e-13
2.95814e-13
2.96611e-13
2.71046e-13
4.76563e-14
1.44559e-13
4.38824e-13
7.02422e-13
8.62584e-13
8.34556e-13
6.98476e-13
1.05221e-12
8.19859e-13
4.14787e-13
1.67915e-13
-6.55245e-14
-7.50353e-14
1.08829e-13
1.1012e-13
5.95206e-14
-2.13818e-14
-1.39693e-13
-8.84925e-14
-1.39694e-13
-3.42579e-13
-1.37405e-13
3.37071e-13
6.99857e-13
9.75793e-13
1.12995e-12
1.12519e-12
9.60038e-13
8.92533e-13
6.48805e-13
4.13965e-13
6.97242e-14
-6.585e-14
6.55635e-14
1.39212e-13
7.03761e-14
-2.67482e-13
-4.61084e-13
-4.78077e-13
-6.61015e-13
-7.33453e-13
-3.08065e-13
2.22828e-13
4.61013e-13
6.10717e-13
8.82664e-13
9.89022e-13
6.2465e-13
6.3833e-13
6.6497e-13
5.5024e-13
1.95577e-13
-5.93513e-14
-2.76059e-15
1.43383e-13
1.2202e-14
-2.36119e-13
-3.50267e-13
-4.46947e-13
-6.9422e-13
-8.35848e-13
-3.4878e-13
8.77773e-15
9.891e-14
1.83046e-13
3.27255e-13
4.85744e-13
1.56896e-13
3.22261e-13
5.05448e-13
5.86099e-13
3.60913e-13
1.8004e-13
3.28198e-13
5.61848e-13
3.82352e-13
1.44509e-13
-7.79128e-15
-6.74255e-14
-3.23312e-13
-4.83471e-13
-1.96321e-13
-7.94103e-14
6.91153e-14
-1.07365e-13
-1.48519e-13
-6.76835e-14
-1.80277e-13
6.43599e-14
1.66197e-13
2.52146e-13
3.01691e-13
4.66617e-13
7.15197e-13
1.00039e-12
8.46067e-13
4.28322e-13
2.05474e-13
1.87971e-13
-9.89985e-15
-2.36458e-13
-3.15747e-13
-2.79338e-13
-1.80957e-13
-5.59296e-13
-6.7788e-13
-4.70333e-13
-2.14809e-13
1.97822e-14
1.48016e-13
1.23163e-13
3.32578e-13
6.15065e-13
8.86331e-13
1.01559e-12
8.00373e-13
3.02316e-13
-4.69822e-14
-5.80792e-14
-8.20419e-14
-4.0814e-13
-5.85485e-13
-6.74639e-13
-7.74387e-13
-9.21751e-13
-1.01402e-12
-6.4271e-13
-3.08372e-13
-5.51166e-14
-1.21936e-13
-1.15471e-13
1.97228e-13
4.16557e-13
6.23984e-13
7.23487e-13
3.8709e-13
-1.96997e-13
-4.79839e-13
-4.38198e-13
-4.55977e-13
-6.63022e-13
-5.82544e-13
-5.86907e-13
-8.30299e-13
-1.01528e-12
-1.08793e-12
-8.01553e-13
-2.65933e-13
-2.1899e-13
-3.85855e-13
-3.17158e-13
-3.14888e-14
1.35339e-13
4.2109e-13
4.45763e-13
-9.46928e-14
-6.61721e-13
-8.09486e-13
-7.80523e-13
-8.45483e-13
-7.93376e-13
-4.33553e-13
-4.16199e-13
-7.16366e-13
-1.06541e-12
-1.0357e-12
-6.85549e-13
-1.55143e-13
-1.86232e-13
-3.56133e-13
-3.65177e-13
-1.25362e-13
1.38637e-13
4.03795e-13
3.40856e-13
-2.27429e-13
-6.30389e-13
-7.31085e-13
-8.19502e-13
-7.78279e-13
-7.35543e-13
-4.67521e-13
-5.1784e-13
-8.69396e-13
-1.07201e-12
-9.86891e-13
-5.61282e-13
-1.21588e-13
-1.22851e-13
-3.38349e-13
-3.29345e-13
-7.20337e-14
2.12796e-13
3.66567e-13
2.91421e-13
-2.99988e-14
-2.62587e-13
-4.62141e-13
-4.39971e-13
-2.5519e-13
-4.36222e-13
-4.55396e-13
-5.58585e-13
-8.74358e-13
-1.06136e-12
-9.22136e-13
-4.99033e-13
-4.57656e-13
-3.07098e-13
-1.35712e-13
-1.63069e-14
1.74583e-13
2.35025e-13
2.64579e-13
1.29406e-13
1.67304e-14
1.15988e-13
-4.70408e-14
-9.66027e-14
1.08097e-14
-1.89415e-14
-4.80858e-16
-4.51854e-13
-8.54423e-13
-9.98628e-13
-7.7173e-13
-5.02785e-13
-8.44248e-13
-5.10387e-13
-3.35389e-13
-1.02694e-13
3.20306e-13
3.71358e-13
3.85958e-13
2.13039e-13
1.41901e-13
5.86262e-14
-1.81383e-13
-1.63776e-13
1.26175e-13
1.30192e-13
-1.05585e-13
-5.48928e-13
-9.27702e-13
-1.15032e-12
-1.18668e-12
-1.01771e-12
-8.36243e-13
-4.74113e-13
-2.02219e-13
8.62854e-14
4.40356e-13
5.84867e-13
5.57963e-13
3.97383e-13
2.68936e-13
-4.72089e-14
-4.46672e-13
-3.23287e-13
1.50429e-13
1.26135e-13
-3.11552e-13
-6.4504e-13
-9.63731e-13
-1.291e-12
-1.43659e-12
-1.2092e-12
-9.16075e-13
-3.85128e-13
1.50827e-13
5.00847e-13
6.93982e-13
6.60478e-13
5.68639e-13
5.249e-13
3.29945e-13
-2.53789e-14
-3.86697e-13
-2.6404e-13
1.47154e-13
-3.73113e-14
-4.45845e-13
-8.60167e-13
-1.16139e-12
-1.47755e-12
-1.50185e-12
-1.33096e-12
-8.34521e-13
-1.05461e-13
4.9643e-13
6.86541e-13
6.14788e-13
4.80845e-13
5.23346e-13
6.7718e-13
5.79536e-13
3.49861e-13
3.27261e-13
3.36776e-13
2.52018e-13
-1.08828e-13
-4.26319e-13
-9.1427e-13
-1.34029e-12
-1.54152e-12
-1.46166e-12
-1.23323e-12
-3.173e-13
1.08163e-13
3.86823e-13
6.38693e-13
5.49607e-13
3.78684e-13
4.29625e-13
5.18343e-13
5.0311e-13
4.79421e-13
6.62719e-13
6.38494e-13
5.16695e-13
9.25893e-14
-3.20997e-13
-7.82832e-13
-1.13717e-12
-1.23277e-12
-1.1963e-12
-8.02262e-13
2.27225e-13
3.29365e-13
2.71868e-13
3.96681e-13
2.76061e-13
5.17177e-14
8.6676e-14
9.10602e-14
1.50958e-13
4.2891e-13
8.61306e-13
9.74444e-13
8.79402e-13
4.35108e-13
1.84743e-13
-1.05445e-13
-4.16532e-13
-6.51315e-13
-7.50909e-13
-2.92021e-13
5.684e-13
6.52019e-13
6.17855e-13
5.10512e-13
2.60359e-13
-1.52833e-13
-2.13343e-13
-2.37742e-13
-2.73625e-14
5.74792e-13
1.02732e-12
1.20428e-12
9.71844e-13
5.6073e-13
5.5365e-13
5.47195e-13
2.55222e-13
-1.77017e-13
-2.9488e-13
1.73373e-13
6.85046e-13
7.33889e-13
6.56464e-13
4.67871e-13
2.47642e-13
-4.31658e-14
-1.30967e-13
-1.23804e-13
6.72245e-14
5.00776e-13
8.25344e-13
8.51734e-13
6.42549e-13
4.27238e-13
4.70543e-13
6.52621e-13
5.61217e-13
1.65002e-13
2.76799e-13
5.62418e-13
8.62668e-13
7.33706e-13
4.85369e-13
3.01278e-13
1.58582e-13
1.12975e-13
1.30451e-13
1.52992e-13
1.16473e-13
2.44256e-13
3.09012e-13
3.91024e-13
4.0251e-13
2.26972e-13
3.63755e-13
6.0371e-13
6.66519e-13
7.81602e-13
8.87474e-13
9.63988e-13
1.18931e-12
8.1073e-13
4.74165e-13
2.95496e-13
1.02618e-13
1.04745e-13
2.58398e-13
1.99101e-13
4.84488e-15
-1.25114e-14
-1.46404e-13
-4.04763e-14
7.48929e-14
-2.64005e-14
2.27979e-13
5.4832e-13
7.03308e-13
9.35595e-13
1.10382e-12
1.24775e-12
1.24233e-12
8.74086e-13
5.70124e-13
3.35133e-13
-1.97745e-14
-1.34861e-14
2.51477e-13
2.45713e-13
-2.28342e-15
-2.86069e-13
-4.69048e-13
-4.98836e-13
-3.77553e-13
-2.46672e-13
1.99237e-13
5.41394e-13
6.4279e-13
6.82388e-13
8.37183e-13
1.08183e-12
8.16292e-13
6.72782e-13
5.87809e-13
2.82109e-13
8.15971e-15
-7.29542e-14
1.96857e-13
3.66889e-13
1.62072e-13
-2.97515e-13
-4.80142e-13
-5.41378e-13
-4.30092e-13
-2.38337e-13
3.05512e-13
5.38108e-13
3.76954e-13
3.19887e-13
3.56442e-13
6.55173e-13
2.26592e-13
2.83758e-13
2.82901e-13
2.41137e-13
1.97274e-13
1.6944e-13
4.59424e-13
6.83153e-13
4.94819e-13
1.5592e-13
-4.40879e-15
1.12669e-14
6.69931e-14
1.29186e-13
3.62149e-13
3.95122e-13
2.75963e-13
2.98918e-14
-3.4306e-14
1.47243e-13
4.63455e-14
1.08208e-13
-6.94948e-14
6.4063e-15
1.31811e-13
3.3848e-13
8.02816e-13
1.00937e-12
8.35719e-13
5.24711e-13
3.18202e-13
4.87341e-13
4.67942e-13
2.53245e-13
1.06805e-13
-5.36757e-14
-8.09373e-14
-3.62352e-13
-4.32247e-13
-1.98129e-13
2.47942e-14
1.88295e-14
-1.16936e-13
-9.72324e-14
1.86259e-13
4.88765e-13
8.99101e-13
9.92591e-13
7.85971e-13
3.96972e-13
2.26725e-13
3.76518e-13
3.09871e-13
-2.12545e-13
-4.49134e-13
-5.30792e-13
-7.99571e-13
-8.44695e-13
-6.8437e-13
-2.69247e-13
1.72795e-14
1.67305e-14
-2.45105e-13
-2.43514e-13
1.35854e-13
4.38924e-13
7.46103e-13
8.31124e-13
5.35892e-13
6.9656e-14
-6.17729e-14
-5.53455e-14
-2.20342e-13
-6.60192e-13
-6.10359e-13
-5.63391e-13
-9.6088e-13
-1.0316e-12
-8.73998e-13
-3.74337e-13
1.02033e-13
6.43085e-14
-1.23517e-13
-2.10284e-13
-5.36101e-14
1.94551e-13
5.55764e-13
5.9638e-13
1.52282e-13
-2.02024e-13
-3.97267e-13
-4.36966e-13
-5.73546e-13
-7.37048e-13
-5.34543e-13
-4.97404e-13
-8.18099e-13
-9.7423e-13
-7.49786e-13
-2.6915e-13
9.92944e-14
1.14783e-13
1.38549e-13
-2.84856e-14
-6.36246e-14
1.34853e-13
4.0148e-13
4.73965e-13
9.40282e-16
-2.7687e-13
-3.97247e-13
-4.29077e-13
-4.77976e-13
-5.34134e-13
-2.50376e-13
-3.93155e-13
-7.21854e-13
-8.1642e-13
-6.5243e-13
-1.98584e-13
-1.93212e-14
-5.79097e-14
-6.74001e-15
-5.0778e-14
-9.52737e-16
1.41038e-13
3.23401e-13
2.66631e-13
-4.38791e-15
-9.86613e-14
-2.16226e-13
-1.90745e-13
-2.26308e-13
-1.65535e-13
9.67624e-15
-3.41591e-13
-6.77615e-13
-8.41232e-13
-6.57878e-13
-1.81675e-13
-1.62011e-13
7.68909e-14
3.06999e-13
3.80928e-13
4.45464e-13
2.53197e-13
-1.03727e-14
-2.42229e-13
-3.16106e-13
-8.98939e-15
-2.75526e-14
-1.79017e-13
-1.36038e-13
4.36827e-14
9.65081e-14
-2.4866e-13
-7.1487e-13
-8.85946e-13
-6.59711e-13
-2.82892e-13
-6.65656e-13
-3.37645e-13
6.96953e-14
4.64527e-13
7.18156e-13
5.60912e-13
3.16535e-13
-1.31779e-13
-4.09825e-13
-3.06245e-13
-2.61995e-13
-2.91382e-13
-9.83506e-14
6.57675e-14
1.79887e-14
-2.09481e-13
-5.69105e-13
-8.8703e-13
-1.04224e-12
-8.90496e-13
-6.78433e-13
-2.61271e-13
1.82968e-13
5.26944e-13
8.0915e-13
7.59395e-13
6.56681e-13
1.53201e-13
-2.84163e-13
-4.02056e-13
-4.07183e-13
-2.88047e-13
8.89524e-14
1.27762e-13
-3.82687e-14
-2.68574e-13
-5.24887e-13
-8.5064e-13
-1.12923e-12
-1.07628e-12
-7.20934e-13
-1.97949e-13
3.07896e-13
5.69567e-13
8.16166e-13
7.03355e-13
4.90916e-13
2.55957e-13
-1.39395e-15
-2.14851e-13
-3.56812e-13
-2.1852e-13
7.85017e-14
-2.25924e-14
-1.27172e-13
-4.41269e-13
-6.87815e-13
-9.57833e-13
-1.16696e-12
-1.15677e-12
-5.75254e-13
-1.06528e-13
3.79561e-13
5.37413e-13
5.31697e-13
5.26318e-13
3.54134e-13
1.81993e-13
4.65125e-14
-1.57481e-14
1.1196e-13
1.85647e-13
1.24587e-13
-9.46073e-14
-1.3543e-13
-5.45678e-13
-9.19255e-13
-1.09235e-12
-1.28496e-12
-1.11313e-12
-1.81466e-13
1.04829e-13
2.95284e-13
4.17994e-13
4.07052e-13
3.16414e-13
1.61869e-13
-6.73118e-15
-1.01205e-13
4.02092e-15
4.77691e-13
6.93684e-13
4.36394e-13
-1.11395e-15
-1.51486e-13
-4.71162e-13
-9.82762e-13
-1.09943e-12
-1.05096e-12
-6.86972e-13
4.59264e-13
4.40711e-13
4.81931e-13
5.24145e-13
3.56921e-13
4.15181e-14
-7.56838e-15
-1.04011e-13
-2.18882e-13
1.28857e-13
7.0899e-13
1.0184e-12
7.95599e-13
3.07093e-13
1.77089e-13
-4.76951e-14
-3.89076e-13
-4.59872e-13
-3.60951e-13
6.03521e-14
9.85436e-13
9.48026e-13
9.24058e-13
6.86357e-13
3.99941e-13
4.93881e-14
-5.378e-14
-1.16488e-13
-1.54894e-13
3.58906e-13
9.05722e-13
1.15765e-12
8.53456e-13
5.45611e-13
5.49838e-13
4.67796e-13
2.42801e-13
7.62445e-14
2.66934e-13
6.87991e-13
1.04e-12
9.97612e-13
9.55007e-13
6.86043e-13
5.02753e-13
2.07829e-13
9.63511e-14
6.48066e-15
-2.14496e-15
4.34474e-13
9.51701e-13
1.06856e-12
8.01008e-13
5.47826e-13
6.14701e-13
7.30506e-13
4.36926e-13
2.5622e-13
6.14729e-13
9.24969e-13
1.05118e-12
9.13316e-13
7.78115e-13
5.37249e-13
4.66885e-13
4.49975e-13
3.6627e-13
1.19471e-13
2.36057e-15
2.36035e-13
6.2652e-13
6.95601e-13
6.73882e-13
5.30125e-13
5.8817e-13
6.83309e-13
6.38584e-13
7.96244e-13
1.03344e-12
1.19217e-12
1.23611e-12
9.1745e-13
5.64292e-13
3.30803e-13
3.17607e-13
4.38751e-13
4.76919e-13
1.54634e-13
-1.58346e-13
-1.31424e-13
5.32216e-14
2.68314e-13
3.835e-13
2.9545e-13
5.43744e-13
7.00031e-13
8.33525e-13
9.98896e-13
1.11713e-12
1.30001e-12
1.19002e-12
8.29746e-13
5.21323e-13
1.94763e-13
1.33925e-13
2.00477e-13
4.20603e-13
2.07448e-13
-1.40676e-13
-4.16797e-13
-4.28964e-13
-1.74036e-13
1.4801e-13
4.0634e-13
7.1217e-13
8.43742e-13
8.09907e-13
8.28265e-13
9.15846e-13
1.11017e-12
8.24272e-13
5.48911e-13
4.47784e-13
1.72052e-13
3.79269e-14
1.65225e-14
3.16607e-13
4.14614e-13
1.50079e-13
-3.03441e-13
-4.17171e-13
-3.39413e-13
6.77798e-14
6.2642e-13
9.54513e-13
1.00065e-12
7.87981e-13
6.39723e-13
5.85505e-13
7.62469e-13
2.52781e-13
1.20726e-13
6.30071e-14
-1.9728e-14
-3.75724e-16
9.6912e-14
3.80952e-13
5.90146e-13
5.4406e-13
2.73756e-13
1.45439e-13
1.37213e-13
3.72066e-13
6.18316e-13
7.49873e-13
7.9895e-13
6.57945e-13
4.04025e-13
2.13739e-13
3.11171e-13
1.39393e-13
3.5351e-15
-2.53776e-13
-2.57239e-13
-1.46066e-13
4.71395e-14
4.68518e-13
6.64015e-13
6.44403e-13
4.81887e-13
3.70212e-13
4.8402e-13
5.87886e-13
3.72689e-13
1.26677e-13
7.09375e-14
1.35688e-13
4.23687e-14
-1.22537e-13
9.79644e-15
4.57654e-14
-2.83371e-14
-3.75607e-13
-4.62883e-13
-1.96088e-13
2.03467e-13
7.24478e-13
7.23898e-13
3.82767e-13
1.43518e-13
5.60209e-14
2.53385e-13
1.53139e-13
-2.71003e-13
-5.59392e-13
-6.20837e-13
-6.93824e-13
-6.05999e-13
-4.86041e-13
-2.13122e-13
9.51364e-14
1.2912e-13
-2.22816e-13
-3.88773e-13
-7.1294e-14
3.61318e-13
7.82672e-13
6.34282e-13
2.97497e-13
6.84318e-14
-1.30344e-13
-2.03852e-13
-4.68209e-13
-7.96524e-13
-7.62978e-13
-7.38173e-13
-1.01034e-12
-9.69697e-13
-6.49374e-13
-2.50929e-13
3.20896e-13
5.45948e-13
2.42915e-13
-2.07188e-14
5.77221e-14
3.42942e-13
6.67317e-13
5.11903e-13
1.20367e-13
-6.56079e-14
-3.30997e-13
-4.25363e-13
-4.76272e-13
-5.61667e-13
-5.96151e-13
-7.41733e-13
-9.30453e-13
-7.35069e-13
-3.47426e-13
-8.51535e-14
4.45718e-13
7.03459e-13
5.87221e-13
1.539e-13
-2.64611e-14
1.69815e-13
4.35557e-13
4.22346e-13
2.06131e-14
-1.59147e-13
-3.28584e-13
-3.29004e-13
-2.33969e-13
-7.57485e-14
-1.05788e-13
-5.46916e-13
-7.9161e-13
-5.38831e-13
-2.1028e-13
8.73963e-14
3.93421e-13
5.14629e-13
5.65566e-13
2.61679e-13
8.68692e-14
6.02423e-14
2.02465e-13
1.31955e-13
-9.62237e-14
-2.84273e-14
-8.61433e-14
-1.89913e-13
-1.31022e-13
2.24464e-13
2.37753e-13
-2.52372e-13
-6.43984e-13
-6.4908e-13
-3.68567e-13
1.95734e-13
3.11168e-13
6.5598e-13
8.25737e-13
9.04335e-13
5.97034e-13
6.74601e-14
-1.5383e-13
-3.64685e-13
-4.70088e-13
-2.97046e-13
-2.49041e-13
-2.43351e-13
-1.14205e-13
7.64026e-14
1.94612e-13
1.02861e-13
-1.05933e-13
-3.34922e-13
-3.21505e-13
3.14157e-14
-1.19381e-13
2.57643e-13
6.30153e-13
8.44287e-13
7.19454e-13
2.97674e-13
7.51823e-14
-2.63375e-13
-5.72295e-13
-4.72573e-13
-4.90662e-13
-4.14672e-13
-1.15046e-13
1.43367e-13
3.95762e-13
4.92322e-13
2.16769e-13
-2.43412e-13
-5.48606e-13
-3.59806e-13
-1.21989e-13
3.01332e-13
5.34597e-13
6.94354e-13
7.9454e-13
6.00794e-13
4.11086e-13
-3.54015e-14
-4.80235e-13
-5.22721e-13
-5.02669e-13
-3.53835e-13
-2.31801e-14
1.88998e-13
3.97281e-13
4.52742e-13
3.48957e-13
-1.29647e-13
-5.28349e-13
-5.51886e-13
-2.55589e-13
1.50534e-13
3.90706e-13
5.72758e-13
7.72361e-13
6.36894e-13
4.42111e-13
1.54402e-13
-2.10438e-13
-3.41618e-13
-3.4833e-13
-2.40116e-13
-2.28046e-14
3.90432e-14
2.43418e-14
1.26361e-15
-1.52376e-14
-2.08047e-13
-5.07728e-13
-6.45593e-13
-2.44958e-14
8.17697e-14
2.57705e-13
4.0359e-13
5.43172e-13
5.61153e-13
3.47035e-13
-1.81449e-14
-2.50226e-13
-1.80915e-13
3.26783e-14
6.5946e-14
6.61203e-14
-2.21656e-14
-8.57743e-14
-2.88558e-13
-4.75169e-13
-5.23879e-13
-5.58623e-13
-4.04393e-13
3.1573e-13
2.67822e-13
2.10498e-13
4.21022e-13
5.39918e-13
4.14263e-13
1.17748e-13
-2.08346e-13
-3.83507e-13
-1.99738e-13
3.22626e-13
4.85175e-13
3.33235e-13
-1.77973e-14
-9.56267e-14
-3.09719e-13
-6.53318e-13
-5.6426e-13
-3.78632e-13
-7.05927e-14
7.11573e-13
6.45212e-13
6.98739e-13
7.23545e-13
6.25097e-13
3.22386e-13
1.63196e-14
-2.005e-13
-2.76134e-13
9.69777e-14
5.45663e-13
7.49015e-13
5.8482e-13
2.04633e-13
1.89997e-13
1.2534e-13
-4.1785e-14
-5.09239e-15
2.34581e-13
4.81177e-13
1.18291e-12
1.14794e-12
1.15769e-12
1.02948e-12
7.7638e-13
3.77141e-13
1.2233e-13
-1.54645e-14
-4.76449e-14
3.0675e-13
6.62689e-13
8.6649e-13
6.29443e-13
3.95404e-13
4.80183e-13
4.92325e-13
5.12213e-13
4.60302e-13
6.41877e-13
9.13182e-13
1.21925e-12
1.1976e-12
1.12097e-12
1.01408e-12
7.99547e-13
4.73961e-13
2.20288e-13
5.37521e-15
-6.77138e-14
3.02727e-13
7.66232e-13
9.13032e-13
6.65152e-13
5.18635e-13
5.73051e-13
6.10619e-13
5.2059e-13
5.93024e-13
8.48671e-13
1.06994e-12
1.15065e-12
1.05007e-12
8.463e-13
7.22304e-13
7.13381e-13
6.39374e-13
4.77994e-13
5.39563e-14
-1.2654e-13
1.8495e-13
7.18687e-13
7.73387e-13
7.04158e-13
5.92816e-13
6.33687e-13
6.2656e-13
6.36931e-13
8.93855e-13
1.12446e-12
1.21846e-12
1.22603e-12
9.62055e-13
5.96777e-13
4.80682e-13
6.55112e-13
7.62819e-13
6.4428e-13
1.98105e-13
-1.98206e-13
-1.62741e-13
2.61111e-13
5.16286e-13
6.07011e-13
4.95334e-13
6.21383e-13
6.77325e-13
7.91412e-13
9.99556e-13
1.14892e-12
1.218e-12
1.02246e-12
6.53918e-13
3.91486e-13
3.15777e-13
4.89441e-13
5.63226e-13
5.04607e-13
1.57374e-13
-2.82002e-13
-4.30073e-13
-2.27417e-13
2.27951e-13
4.29495e-13
6.37218e-13
8.91077e-13
9.15132e-13
8.42038e-13
8.48171e-13
9.03111e-13
9.58653e-13
6.16834e-13
2.72644e-13
2.30439e-13
2.87453e-13
2.8995e-13
2.05397e-13
2.29854e-13
2.35798e-13
2.34565e-15
-2.44288e-13
-9.32994e-14
1.25803e-13
4.99508e-13
9.20777e-13
1.1376e-12
1.12039e-12
9.21965e-13
7.05082e-13
6.17975e-13
6.58738e-13
2.13143e-13
-7.25349e-14
-2.08125e-13
-1.34419e-13
3.13692e-14
5.29153e-15
2.08941e-14
2.20325e-13
2.94719e-13
2.60332e-13
4.21759e-13
4.05258e-13
5.41582e-13
6.83573e-13
8.46528e-13
9.76851e-13
8.28469e-13
6.13427e-13
4.42101e-13
3.91204e-13
2.66239e-13
-1.66878e-13
-5.49642e-13
-6.23966e-13
-5.24083e-13
-3.70497e-13
-9.14693e-14
7.95757e-14
1.3919e-13
2.9051e-13
4.05971e-13
4.26261e-13
4.89281e-13
2.78474e-13
1.51036e-13
2.35668e-13
3.17138e-13
3.58608e-13
3.34168e-13
3.80852e-13
1.77356e-13
-4.9186e-14
-4.6557e-13
-7.88717e-13
-6.80902e-13
-2.58075e-13
2.23734e-13
1.57684e-13
-9.35968e-14
-9.70129e-14
-6.67244e-14
-1.63297e-14
-1.41091e-13
-3.62167e-13
-6.11129e-13
-6.80225e-13
-5.61618e-13
-2.82561e-13
-3.07338e-15
1.99904e-13
2.54623e-14
2.4821e-13
6.62807e-14
-3.14523e-13
-3.29009e-13
6.62499e-14
4.81622e-13
3.74218e-13
6.78406e-14
-6.05331e-14
-2.81575e-13
-5.19915e-13
-6.67397e-13
-6.92327e-13
-7.47876e-13
-9.21007e-13
-9.77954e-13
-8.38868e-13
-5.19847e-13
-2.22951e-13
2.31827e-13
7.74571e-13
6.6932e-13
2.18383e-13
4.68522e-14
2.23845e-13
5.1236e-13
3.91199e-13
5.42657e-14
-9.61312e-14
-4.83606e-13
-6.15847e-13
-4.81405e-13
-4.41535e-13
-6.15538e-13
-9.46845e-13
-9.78678e-13
-7.43052e-13
-5.35427e-13
-2.41522e-13
6.27944e-13
1.13697e-12
1.01689e-12
4.20453e-13
4.20961e-14
8.4271e-14
3.54825e-13
2.30571e-13
-1.26937e-13
-3.76037e-13
-5.28236e-13
-3.27661e-13
-1.52579e-13
-1.05445e-13
-3.58369e-13
-7.55071e-13
-7.66917e-13
-4.90331e-13
-1.95193e-13
1.92037e-13
7.85094e-13
1.04082e-12
1.07885e-12
7.8152e-13
2.52199e-13
1.62074e-14
5.0222e-14
-6.86699e-14
-2.22129e-13
-2.90506e-13
-2.58068e-13
-1.2337e-13
2.53113e-15
1.2291e-13
2.90095e-14
-2.50626e-13
-3.43998e-13
-3.19613e-13
-1.43967e-13
4.17637e-13
6.15777e-13
1.03664e-12
9.51997e-13
7.86213e-13
5.13576e-13
1.02064e-13
-2.12676e-13
-4.16145e-13
-5.65977e-13
-4.92721e-13
-4.26475e-13
-1.16861e-13
1.81168e-13
2.62108e-13
2.97594e-13
2.72964e-13
2.54685e-13
4.46556e-14
-3.05365e-14
1.92214e-13
2.33392e-13
6.23946e-13
6.50796e-13
5.37982e-13
3.16128e-13
2.05816e-14
-1.69267e-13
-4.783e-13
-7.09727e-13
-5.55707e-13
-5.49804e-13
-3.3379e-13
5.89081e-14
4.36168e-13
8.36082e-13
9.84556e-13
7.0246e-13
1.195e-13
-1.43278e-13
-1.16661e-13
2.15725e-13
3.89225e-13
3.49047e-13
3.77482e-13
3.62508e-13
2.02006e-13
2.71163e-14
-3.20128e-13
-6.80414e-13
-6.75782e-13
-5.83249e-13
-4.60629e-13
-5.18742e-14
5.15246e-13
9.5005e-13
1.07109e-12
8.67259e-13
3.89717e-13
8.73297e-15
-7.48992e-14
1.47634e-13
1.6381e-13
1.58255e-13
2.77702e-13
5.07581e-13
4.54452e-13
2.44073e-13
-1.33733e-13
-4.76487e-13
-6.43424e-13
-5.3119e-13
-4.88806e-13
-1.46327e-13
2.907e-13
4.92909e-13
5.93221e-13
6.12914e-13
4.3472e-13
9.83958e-14
2.83505e-14
4.32146e-13
1.69088e-13
1.20304e-13
2.04201e-13
4.18805e-13
4.14281e-13
2.00321e-13
-2.83773e-13
-4.86611e-13
-4.03172e-13
-2.08888e-13
-2.84688e-13
-1.50006e-13
7.166e-14
2.29811e-14
3.55762e-14
7.17229e-14
5.60188e-14
1.52672e-13
3.20045e-13
6.62724e-13
3.04089e-13
1.65323e-13
3.26693e-13
4.40124e-13
2.88182e-13
-7.62025e-14
-3.95602e-13
-4.34856e-13
-2.52154e-13
3.0538e-14
7.30264e-15
6.02853e-14
5.18224e-14
-2.55872e-14
-1.68769e-13
-3.23579e-13
-1.96841e-13
1.57369e-13
5.33767e-13
7.63451e-13
6.30018e-13
5.30658e-13
6.13563e-13
4.48031e-13
2.70338e-13
-1.23627e-13
-3.58789e-13
-2.74632e-13
-5.48356e-14
1.67368e-13
3.22021e-13
3.59724e-13
1.95058e-13
1.7135e-13
1.74464e-13
8.91577e-14
2.75272e-14
2.84916e-13
5.63175e-13
1.02095e-12
9.40673e-13
9.064e-13
8.91195e-13
6.25346e-13
2.84364e-13
3.06702e-14
-9.93159e-14
-2.97797e-14
1.37001e-13
2.56516e-13
4.14713e-13
4.38929e-13
2.62447e-13
2.4751e-13
3.84502e-13
4.90958e-13
5.07429e-13
5.69219e-13
7.52229e-13
1.06663e-12
1.09749e-12
1.03386e-12
1.01646e-12
7.80094e-13
4.01701e-13
9.47858e-14
-5.28545e-14
-1.14089e-13
1.60837e-13
3.32141e-13
3.29589e-13
3.04561e-13
1.52263e-13
1.79044e-13
2.69514e-13
4.04842e-13
6.11781e-13
7.40961e-13
9.36651e-13
9.04083e-13
9.06014e-13
8.36458e-13
8.65787e-13
7.3892e-13
6.11541e-13
3.42627e-13
1.70705e-15
-1.67751e-13
6.79878e-14
3.86309e-13
4.36962e-13
3.43511e-13
1.74568e-13
2.60559e-13
3.46416e-13
4.33647e-13
5.97012e-13
8.23057e-13
9.81587e-13
8.3318e-13
6.77537e-13
5.95389e-13
7.09842e-13
7.27482e-13
7.20779e-13
4.87385e-13
5.43984e-14
-1.81614e-13
-9.79357e-14
2.96189e-13
4.77112e-13
4.43356e-13
2.99447e-13
4.93926e-13
5.66689e-13
6.27607e-13
7.63982e-13
8.31164e-13
8.91695e-13
5.95767e-13
3.43772e-13
3.67836e-13
5.08295e-13
5.41849e-13
5.07392e-13
3.04937e-13
-6.29924e-14
-3.44638e-13
-2.62198e-13
2.22212e-14
2.82365e-13
3.21706e-13
4.40947e-13
8.22118e-13
9.18306e-13
8.22351e-13
7.2477e-13
6.79885e-13
6.45617e-13
2.45249e-13
1.36617e-14
8.62516e-14
2.67696e-13
1.62033e-13
-6.1621e-14
-1.33705e-13
-1.7823e-13
-2.86355e-13
-1.11109e-13
1.22141e-13
2.4585e-13
4.03995e-13
6.71047e-13
9.64765e-13
1.08333e-12
9.2264e-13
5.5699e-13
4.78095e-13
3.79886e-13
1.62807e-13
-7.05242e-14
-2.66977e-13
-2.26788e-13
-2.78816e-13
-3.86247e-13
-4.50923e-13
-3.45939e-13
-1.83335e-13
6.673e-14
3.80073e-13
3.94968e-13
5.08365e-13
5.55449e-13
7.35257e-13
1.02064e-12
8.43075e-13
4.70983e-13
4.2969e-13
3.0067e-13
3.31159e-13
-9.24091e-14
-6.39141e-13
-9.035e-13
-8.7084e-13
-7.16029e-13
-6.03704e-13
-4.53853e-13
-3.19333e-13
-9.52495e-14
2.05849e-13
3.28765e-13
3.52302e-13
1.65791e-13
1.46768e-13
3.67756e-13
4.39963e-13
3.45982e-13
5.20574e-13
5.23149e-13
3.48561e-13
-8.43621e-14
-6.46039e-13
-1.05626e-12
-9.90809e-13
-6.50537e-13
-3.65595e-13
-3.50117e-13
-4.12265e-13
-3.28839e-13
-1.823e-13
-7.81682e-14
-1.31204e-13
-3.35649e-13
-5.17272e-13
-4.21594e-13
-2.15258e-13
-5.33061e-14
2.35592e-13
4.23709e-13
8.56631e-14
2.26534e-13
2.2494e-14
-5.02209e-13
-7.22364e-13
-3.89796e-13
-8.95253e-14
-1.2702e-13
-2.63903e-13
-3.58367e-13
-4.57601e-13
-4.57871e-13
-5.13082e-13
-6.30705e-13
-7.48466e-13
-7.65027e-13
-7.64552e-13
-7.745e-13
-5.28169e-13
-1.72771e-13
2.06343e-13
8.42783e-13
7.54587e-13
3.01295e-14
-3.11922e-13
-7.76075e-14
1.44771e-13
5.60518e-14
-2.52926e-13
-3.77701e-13
-6.85597e-13
-7.87721e-13
-7.0177e-13
-7.09453e-13
-8.17011e-13
-1.01578e-12
-1.02144e-12
-9.4754e-13
-7.46841e-13
-2.90947e-13
8.47673e-13
1.3045e-12
1.03799e-12
4.03779e-13
-1.86471e-14
3.27191e-14
1.67136e-13
-4.92768e-14
-3.45907e-13
-6.41182e-13
-7.75315e-13
-5.93606e-13
-4.18099e-13
-4.69647e-13
-6.8182e-13
-9.15181e-13
-8.91102e-13
-5.64469e-13
-2.63295e-13
2.58898e-13
1.02263e-12
1.38219e-12
1.14887e-12
7.88966e-13
3.81909e-13
1.24806e-13
9.01911e-15
-2.52107e-13
-4.93521e-13
-6.29183e-13
-5.55245e-13
-1.46032e-13
6.3688e-14
2.2958e-14
-2.42105e-13
-3.54685e-13
-2.58696e-13
-9.89183e-14
1.32826e-14
4.79605e-13
7.61373e-13
9.52364e-13
6.2229e-13
2.23577e-13
3.43134e-14
-3.17495e-14
-2.05216e-13
-4.84301e-13
-7.01156e-13
-5.25008e-13
-1.60565e-13
1.96149e-13
3.77577e-13
3.54846e-13
3.56855e-13
3.60761e-13
2.78759e-13
2.19413e-13
2.00588e-13
3.47011e-13
3.17948e-13
3.44924e-13
9.50274e-14
-1.5539e-13
-3.09871e-13
-3.34269e-13
-4.15811e-13
-6.62633e-13
-9.65767e-13
-7.69768e-13
-5.40469e-13
-1.81897e-13
3.34981e-13
6.94935e-13
8.97313e-13
8.8924e-13
6.40175e-13
3.30553e-13
1.90775e-13
1.84251e-13
1.70143e-13
-2.52318e-13
-4.35878e-13
-3.90117e-13
-3.58306e-13
-3.44622e-13
-5.09038e-13
-7.30318e-13
-9.62337e-13
-9.46981e-13
-7.86178e-13
-5.43022e-13
1.29777e-13
8.24683e-13
1.25608e-12
1.22295e-12
8.80025e-13
6.33673e-13
4.73152e-13
3.49747e-13
2.12278e-13
-3.32416e-13
-4.80016e-13
-3.21577e-13
-1.16244e-13
-1.54398e-13
-4.35699e-13
-6.50852e-13
-8.17541e-13
-9.45669e-13
-8.9882e-13
-8.14078e-13
-1.61265e-13
5.88257e-13
1.01749e-12
1.08703e-12
9.93192e-13
8.97456e-13
7.43164e-13
6.11494e-13
2.44427e-13
-1.17561e-13
-2.66095e-13
-2.02655e-13
-4.77531e-14
-1.07876e-13
-3.91588e-13
-6.13184e-13
-7.51481e-13
-7.75185e-13
-6.8457e-13
-6.84083e-13
-2.76827e-13
3.06048e-13
5.74624e-13
6.53202e-13
5.95611e-13
6.34973e-13
7.61745e-13
7.2172e-13
3.91657e-13
-1.02472e-13
-2.35541e-13
3.35447e-15
5.33769e-14
-1.97881e-13
-4.81524e-13
-6.71581e-13
-7.43106e-13
-6.20256e-13
-4.9681e-13
-4.73594e-13
-2.17249e-13
1.14023e-13
2.43805e-13
1.69765e-13
1.34962e-13
2.35653e-13
6.17674e-13
7.27137e-13
5.00698e-13
1.01433e-13
-1.07226e-13
7.16859e-14
-2.06444e-14
-2.55196e-13
-4.99021e-13
-6.81492e-13
-5.81521e-13
-4.86551e-13
-4.58954e-13
-3.49245e-13
-6.44384e-14
1.06778e-13
1.47757e-13
1.31136e-13
1.39563e-13
2.48527e-13
4.43901e-13
4.87763e-13
4.99695e-13
4.439e-13
2.46231e-13
1.12816e-13
3.35155e-14
-1.03114e-13
-2.77072e-13
-2.78688e-13
-2.64254e-13
-3.84751e-13
-3.52625e-13
-2.22709e-13
8.47774e-14
8.34654e-14
-1.32493e-14
2.24091e-13
3.59871e-13
4.26696e-13
4.70338e-13
3.67547e-13
3.60478e-13
5.2321e-13
5.4017e-13
3.26103e-13
2.00288e-13
3.31012e-14
-1.01005e-13
-1.91262e-13
-2.09245e-13
-2.27709e-13
-2.14476e-13
-1.80929e-13
-2.65833e-14
-1.13216e-13
-1.6916e-13
1.23463e-13
3.73084e-13
4.14795e-13
3.79408e-13
3.1546e-13
3.74827e-13
4.62675e-13
6.10394e-13
6.15743e-13
5.12053e-13
2.24289e-13
-7.77292e-14
-2.36892e-13
-2.2144e-13
-2.00455e-13
-9.1887e-14
2.76776e-14
6.49367e-14
-5.62522e-14
4.35647e-14
2.35122e-13
3.75224e-13
3.432e-13
3.42624e-13
3.82166e-13
5.36577e-13
4.44788e-13
5.5009e-13
7.66862e-13
6.34989e-13
3.10716e-13
-1.0463e-13
-3.61145e-13
-3.24552e-13
-2.18977e-13
-2.0149e-14
2.43636e-13
1.90701e-13
1.48834e-13
3.55162e-13
5.3961e-13
5.37207e-13
5.25599e-13
5.75053e-13
5.46052e-13
3.91989e-13
3.22521e-13
3.78089e-13
5.31171e-13
3.99293e-13
6.42446e-14
-2.82045e-13
-4.68612e-13
-4.24921e-13
-2.17663e-13
-9.72164e-14
1.78222e-15
4.20012e-14
3.26738e-13
7.17954e-13
9.51171e-13
7.70481e-13
5.40265e-13
4.64889e-13
4.2484e-13
2.05213e-13
1.35949e-13
1.19038e-13
4.6499e-14
-2.28234e-13
-4.77133e-13
-5.38422e-13
-6.00216e-13
-5.26365e-13
-1.75971e-13
-3.42662e-14
-8.30205e-14
1.92425e-13
5.66684e-13
8.7348e-13
1.00102e-12
7.58358e-13
3.65389e-13
2.07951e-13
2.19473e-13
2.34671e-13
1.56147e-13
-6.54121e-14
-3.62004e-13
-8.04066e-13
-9.48814e-13
-8.96636e-13
-8.65484e-13
-5.89476e-13
-2.22773e-13
3.92077e-16
1.01351e-13
4.1676e-13
5.5229e-13
8.53339e-13
9.53265e-13
6.57685e-13
2.13384e-13
1.90054e-13
2.2334e-13
4.5934e-13
3.65479e-14
-4.61025e-13
-9.57052e-13
-1.2813e-12
-1.18917e-12
-9.83878e-13
-8.89381e-13
-4.98761e-13
-4.0056e-13
-2.00992e-13
1.95579e-13
3.74726e-13
3.45094e-13
5.1502e-13
6.01928e-13
4.53126e-13
1.08955e-13
1.85147e-13
3.75092e-13
4.15372e-13
2.69717e-14
-4.64776e-13
-1.06863e-12
-1.30155e-12
-9.88592e-13
-7.20544e-13
-6.62112e-13
-4.50634e-13
-3.91248e-13
-2.32129e-13
-7.21373e-15
-3.55392e-14
-1.58821e-13
-1.81875e-13
-6.73917e-15
1.27999e-14
-9.43548e-14
6.09257e-14
2.81112e-13
2.99951e-13
3.58024e-13
-3.29894e-14
-6.98572e-13
-9.23675e-13
-5.81977e-13
-4.23682e-13
-4.45308e-13
-3.73483e-13
-3.74905e-13
-3.83446e-13
-3.99947e-13
-6.0311e-13
-7.32779e-13
-6.29041e-13
-3.60398e-13
-3.74881e-13
-5.06614e-13
-2.95307e-13
6.0936e-16
5.5307e-13
9.23068e-13
5.15738e-13
-2.78529e-13
-5.02881e-13
-2.4432e-13
-5.18964e-14
-6.38034e-14
-7.67918e-14
-2.14651e-13
-5.5464e-13
-7.39058e-13
-8.74677e-13
-8.03056e-13
-6.7935e-13
-5.50996e-13
-6.46116e-13
-5.81825e-13
-3.59386e-13
6.19451e-14
1.18074e-12
1.45282e-12
9.01597e-13
1.4402e-13
-1.01876e-13
3.56995e-14
1.86509e-13
7.70442e-14
-1.14072e-13
-3.57983e-13
-6.17349e-13
-5.79257e-13
-4.96656e-13
-4.8003e-13
-4.19269e-13
-3.8931e-13
-5.79477e-13
-2.35047e-13
9.82942e-14
5.65095e-13
1.25676e-12
1.51034e-12
9.80233e-13
3.60656e-13
1.35249e-13
1.40766e-13
1.0604e-13
-1.78908e-13
-3.84491e-13
-4.01411e-13
-3.10287e-13
-7.42434e-14
1.16898e-13
1.15497e-14
-7.90429e-14
-5.22844e-14
-1.00042e-13
1.50249e-13
2.62553e-13
6.50133e-13
5.73186e-13
4.56769e-13
1.13004e-13
-3.07869e-13
-3.84005e-13
-4.05209e-13
-4.05925e-13
-5.12314e-13
-5.04976e-13
-2.61056e-13
9.91505e-14
4.43234e-13
5.19644e-13
5.45104e-13
6.0153e-13
6.13468e-13
3.31995e-13
3.23284e-13
3.77653e-13
4.44261e-13
1.31896e-13
-1.76774e-13
-4.9511e-13
-7.60608e-13
-7.78455e-13
-7.29516e-13
-8.3972e-13
-8.85366e-13
-9.09459e-13
-6.72001e-13
-3.51664e-13
1.60929e-14
4.31132e-13
7.04866e-13
7.42391e-13
6.28211e-13
4.71007e-13
4.51643e-13
4.05313e-13
3.12636e-13
-7.17209e-15
-6.73933e-13
-1.03833e-12
-1.13626e-12
-9.42921e-13
-8.19648e-13
-9.95042e-13
-1.0624e-12
-1.0057e-12
-7.82864e-13
-6.10833e-13
-3.95015e-13
2.25421e-13
7.5497e-13
9.59973e-13
8.48034e-13
6.95855e-13
6.29702e-13
6.31214e-13
5.07341e-13
5.278e-14
-7.04999e-13
-1.05264e-12
-1.043e-12
-7.88974e-13
-7.51756e-13
-1.07236e-12
-1.16432e-12
-9.3924e-13
-7.56334e-13
-8.11247e-13
-7.4969e-13
-1.9596e-13
3.83443e-13
8.40189e-13
1.06251e-12
1.0078e-12
1.00285e-12
9.78831e-13
7.29922e-13
-1.91439e-13
-7.33052e-13
-8.32598e-13
-6.99089e-13
-4.60743e-13
-6.34239e-13
-9.41022e-13
-1.03115e-12
-1.02136e-12
-8.48722e-13
-7.45965e-13
-6.37959e-13
-2.82937e-13
3.16067e-13
6.55597e-13
9.52146e-13
9.67172e-13
1.05349e-12
1.04122e-12
5.58258e-13
-2.66535e-13
-8.45576e-13
-9.04676e-13
-4.72343e-13
-2.52812e-13
-4.32196e-13
-7.29929e-13
-1.00815e-12
-1.10482e-12
-8.82083e-13
-6.73662e-13
-4.93566e-13
-1.42868e-13
2.14689e-13
4.0969e-13
5.33204e-13
5.694e-13
6.41486e-13
8.51365e-13
3.9669e-13
-2.51682e-13
-6.74931e-13
-8.54754e-13
-5.60775e-13
-3.76199e-13
-4.66759e-13
-7.74993e-13
-1.04279e-12
-1.00405e-12
-8.82623e-13
-7.3608e-13
-5.52349e-13
-1.77786e-13
1.03949e-13
2.01749e-13
3.02403e-13
3.95738e-13
5.13968e-13
5.87448e-13
1.62879e-13
-3.7116e-13
-3.7994e-13
-5.37264e-13
-5.23957e-13
-4.87463e-13
-4.78728e-13
-5.71992e-13
-6.25636e-13
-6.34014e-13
-7.36749e-13
-6.46433e-13
-4.03691e-13
-1.00363e-13
-7.17577e-14
-1.47947e-14
2.79763e-13
3.64208e-13
3.6019e-13
2.26383e-13
-1.37842e-13
-4.03714e-13
-2.30617e-13
-1.71778e-13
-3.26203e-13
-4.39184e-13
-4.78689e-13
-4.37373e-13
-3.77055e-13
-3.24336e-13
-4.03868e-13
-4.35847e-13
-3.43668e-13
-2.08375e-13
-2.40484e-13
-2.26808e-13
1.6207e-13
3.77598e-13
2.60213e-13
-1.47436e-13
-3.57719e-13
-7.40434e-14
1.0645e-13
1.64136e-13
2.75876e-13
1.17161e-13
-3.08234e-13
-6.04493e-13
-4.65435e-13
-1.84215e-13
-1.948e-13
-2.68648e-13
-1.91211e-13
-3.2792e-14
-2.68187e-14
2.80681e-14
3.05446e-13
5.83651e-13
3.38608e-13
-1.32901e-13
-2.62142e-13
3.01529e-13
4.41343e-13
5.26309e-13
7.11251e-13
5.0098e-13
-1.02374e-13
-5.92768e-13
-6.45477e-13
-3.93381e-13
-2.36342e-13
-1.61263e-13
-1.84881e-15
1.48036e-13
3.08333e-13
4.20655e-13
7.23933e-13
7.79433e-13
5.65692e-13
2.7176e-13
1.42091e-13
3.88569e-13
4.72518e-13
5.23584e-13
4.79859e-13
1.67611e-13
-2.99062e-13
-6.22543e-13
-8.26216e-13
-6.13437e-13
-2.58524e-13
-1.5614e-13
-8.22969e-14
9.65164e-14
4.18017e-13
7.3766e-13
9.9913e-13
8.53121e-13
5.78578e-13
2.97231e-13
2.59818e-13
2.53708e-13
4.40577e-13
2.91146e-13
-1.25538e-13
-5.94182e-13
-8.63646e-13
-9.23192e-13
-9.89652e-13
-7.86784e-13
-2.14173e-13
-4.21179e-14
-1.47898e-13
1.57494e-13
6.57424e-13
8.98276e-13
9.66571e-13
6.60461e-13
3.21893e-13
7.57293e-14
2.03256e-14
2.38771e-13
3.26682e-13
7.52622e-14
-5.16689e-13
-1.21315e-12
-1.42993e-12
-1.38343e-12
-1.34523e-12
-1.00547e-12
-4.67674e-13
-1.20454e-13
-1.44231e-14
3.48365e-13
7.21416e-13
9.81145e-13
1.02178e-12
6.67405e-13
3.20162e-13
8.54943e-14
9.25422e-14
2.75041e-13
1.00996e-13
-3.03608e-13
-9.11231e-13
-1.4187e-12
-1.47564e-12
-1.35622e-12
-1.25388e-12
-9.04018e-13
-6.0347e-13
-2.12357e-13
1.1447e-13
4.43565e-13
6.73828e-13
9.2762e-13
9.24895e-13
5.90075e-13
2.78607e-13
7.81632e-14
1.77733e-13
3.63081e-13
1.92822e-13
-1.89243e-13
-7.28224e-13
-1.07635e-12
-1.03139e-12
-8.02469e-13
-6.50887e-13
-6.02551e-13
-4.5819e-13
-1.97359e-13
1.27156e-15
1.25177e-13
2.70524e-13
3.83546e-13
4.36076e-13
3.40803e-13
2.40266e-13
7.08686e-14
1.28381e-13
5.49873e-13
4.64985e-13
6.88841e-14
-3.8087e-13
-5.93157e-13
-4.92014e-13
-4.25317e-13
-2.98981e-13
-2.95511e-13
-2.61876e-13
-2.95014e-13
-4.36724e-13
-4.92298e-13
-3.42794e-13
-1.41907e-13
7.9035e-14
2.1784e-13
1.31543e-13
3.71492e-14
2.41052e-13
8.77645e-13
9.18902e-13
4.11116e-13
-1.30711e-13
-2.41505e-13
-1.06836e-13
2.19286e-15
1.12631e-13
1.19622e-13
-5.12335e-14
-3.90285e-13
-7.03615e-13
-7.11676e-13
-4.3398e-13
-1.19819e-13
4.59075e-14
-4.63348e-15
-6.71706e-14
1.01776e-13
5.06182e-13
1.34708e-12
1.24619e-12
6.44411e-13
1.83376e-13
5.38531e-14
3.62431e-14
2.17306e-13
3.07862e-13
2.77239e-13
3.32504e-14
-2.42193e-13
-3.46917e-13
-2.66863e-13
-2.95865e-14
2.09438e-13
2.36564e-13
-9.74707e-14
-1.15053e-13
3.18296e-13
8.76924e-13
1.16397e-12
1.03335e-12
4.71771e-13
3.00346e-14
-1.13661e-13
-1.30687e-13
5.73597e-15
-4.49404e-14
-2.89368e-14
6.43401e-15
1.25273e-13
1.78068e-13
2.97151e-13
4.22782e-13
5.02179e-13
5.39577e-13
1.42905e-13
1.84746e-13
4.10413e-13
7.77569e-13
2.03705e-13
1.8652e-16
-2.35134e-13
-4.81281e-13
-4.33643e-13
-3.06883e-13
-3.28619e-13
-3.51001e-13
-1.62163e-13
1.89723e-13
4.96853e-13
6.9148e-13
8.42506e-13
8.90048e-13
8.77331e-13
7.59175e-13
4.96682e-13
3.00498e-13
2.72277e-13
2.50417e-13
-2.50442e-13
-4.55932e-13
-6.53278e-13
-8.19157e-13
-7.48531e-13
-5.6846e-13
-7.0449e-13
-7.70215e-13
-6.52312e-13
-3.19308e-13
4.51391e-14
2.77168e-13
5.74446e-13
7.676e-13
7.94205e-13
6.79478e-13
5.87441e-13
3.48288e-13
1.05983e-13
-8.99048e-14
-2.98614e-13
-6.84301e-13
-1.07912e-12
-1.21183e-12
-9.91921e-13
-7.65752e-13
-9.4412e-13
-1.05773e-12
-8.97886e-13
-5.29202e-13
-2.77167e-13
-8.4193e-14
2.50902e-13
6.57404e-13
7.83921e-13
7.09713e-13
5.8518e-13
4.36814e-13
2.62195e-13
5.33724e-14
-3.19825e-13
-8.08614e-13
-1.2906e-12
-1.32017e-12
-1.07358e-12
-8.12604e-13
-1.02504e-12
-1.21274e-12
-8.85302e-13
-5.11449e-13
-4.41076e-13
-3.57783e-13
-1.35732e-13
2.12246e-13
5.82468e-13
8.37899e-13
8.45885e-13
7.3974e-13
5.74709e-13
2.08993e-13
-5.8011e-13
-1.06962e-12
-1.25916e-12
-1.09495e-12
-9.0534e-13
-8.33052e-13
-9.81777e-13
-1.09384e-12
-9.35818e-13
-6.95923e-13
-6.44397e-13
-4.14234e-13
-2.10204e-13
1.0935e-13
4.5576e-13
8.09903e-13
8.70472e-13
8.30576e-13
6.44482e-13
2.43836e-14
-7.69426e-13
-1.30527e-12
-1.30352e-12
-8.93248e-13
-7.04606e-13
-7.04188e-13
-7.94019e-13
-9.09391e-13
-9.21098e-13
-8.05664e-13
-6.28061e-13
-3.50834e-13
-1.4797e-13
4.17558e-14
2.42725e-13
4.67047e-13
4.95987e-13
4.59103e-13
3.00401e-13
-1.55165e-13
-8.107e-13
-1.2125e-12
-1.28363e-12
-8.53037e-13
-7.08138e-13
-7.33019e-13
-7.93671e-13
-8.29321e-13
-8.9378e-13
-8.54836e-13
-6.42343e-13
-3.79879e-13
-1.73823e-13
-3.03234e-14
1.43057e-13
3.50872e-13
3.93858e-13
1.73587e-13
2.24771e-15
-3.97059e-13
-9.00896e-13
-9.5979e-13
-9.47867e-13
-7.6948e-13
-7.13526e-13
-8.36312e-13
-8.18099e-13
-6.66179e-13
-6.63052e-13
-7.41348e-13
-5.30804e-13
-2.59051e-13
-1.09504e-13
-1.28118e-13
7.89765e-14
3.05578e-13
3.57113e-13
8.16096e-14
-3.78206e-13
-7.99616e-13
-9.31574e-13
-6.49383e-13
-4.51239e-13
-4.26168e-13
-7.05231e-13
-8.67663e-13
-8.1842e-13
-5.38736e-13
-4.01413e-13
-4.5802e-13
-3.22104e-13
-1.67954e-13
-4.52323e-14
-7.08212e-14
-6.45429e-14
1.43399e-13
4.2881e-13
1.25816e-13
-6.13982e-13
-1.0644e-12
-6.5659e-13
-2.01177e-13
6.08255e-14
1.54919e-13
-2.56951e-13
-7.44591e-13
-9.23873e-13
-5.69258e-13
-2.08277e-13
-2.68515e-13
-2.71133e-13
-1.67806e-13
-3.99262e-14
1.19907e-13
9.68625e-14
3.94146e-13
6.7925e-13
2.81563e-13
-5.10522e-13
-9.44397e-13
-2.31237e-13
2.53359e-13
5.33181e-13
4.96394e-13
1.16364e-13
-4.41156e-13
-7.28816e-13
-6.83007e-13
-4.45796e-13
-2.74034e-13
-1.55891e-13
-4.14359e-14
2.62972e-13
4.98185e-13
5.99891e-13
7.72461e-13
7.56883e-13
4.88011e-13
-5.16657e-14
-4.46291e-13
1.32878e-13
4.54853e-13
5.161e-13
2.13094e-13
-1.84688e-13
-5.56804e-13
-8.18475e-13
-9.59162e-13
-8.06997e-13
-3.54998e-13
-8.40271e-14
9.69716e-14
4.06843e-13
7.66031e-13
9.32102e-13
9.81106e-13
7.54686e-13
4.55742e-13
1.42698e-13
-7.75125e-14
2.46905e-13
4.8778e-13
2.38377e-13
-3.45205e-13
-8.26573e-13
-1.11377e-12
-1.2518e-12
-1.23994e-12
-9.32535e-13
-2.8257e-13
1.03321e-13
2.01774e-13
4.55264e-13
8.50935e-13
9.94061e-13
1.08073e-12
7.41441e-13
3.92378e-13
1.246e-13
-7.27491e-15
2.48115e-13
3.57381e-13
-4.94201e-14
-7.82056e-13
-1.39698e-12
-1.63837e-12
-1.67059e-12
-1.52219e-12
-1.09372e-12
-4.71943e-13
-5.55398e-14
3.13554e-14
4.34543e-13
8.0882e-13
1.11003e-12
1.20507e-12
9.13338e-13
6.33427e-13
2.7108e-13
1.19561e-13
1.22353e-13
3.15715e-14
-2.8585e-13
-8.534e-13
-1.37331e-12
-1.59875e-12
-1.54995e-12
-1.34289e-12
-1.03647e-12
-6.13477e-13
-1.62003e-13
6.26979e-14
4.23364e-13
8.73865e-13
1.17877e-12
1.15091e-12
8.5802e-13
6.97582e-13
3.35389e-13
2.15187e-13
2.09111e-13
3.81773e-14
-1.64519e-13
-4.8322e-13
-8.8532e-13
-9.87066e-13
-8.49105e-13
-6.00032e-13
-4.71896e-13
-4.82129e-13
-3.32047e-13
-1.24208e-13
3.1145e-13
6.63614e-13
7.44602e-13
7.44323e-13
6.25382e-13
7.32819e-13
5.15229e-13
3.38325e-13
6.00896e-13
4.23753e-13
2.08812e-13
-7.73017e-14
-3.19979e-13
-3.87877e-13
-2.53277e-13
-3.79039e-14
-1.21547e-13
-3.43582e-13
-5.33679e-13
-5.54149e-13
-2.73121e-13
1.78299e-13
3.37719e-13
4.53453e-13
5.42892e-13
5.57505e-13
4.64437e-13
5.3956e-13
8.93041e-13
9.01652e-13
5.49496e-13
3.0402e-13
1.30063e-13
1.51148e-13
2.67047e-13
3.71229e-13
6.38353e-14
-2.4079e-13
-4.42618e-13
-5.44039e-13
-4.37874e-13
-2.81191e-14
3.1639e-13
3.61591e-13
2.82256e-13
2.08483e-13
4.27485e-13
6.43948e-13
1.01745e-12
9.26617e-13
5.72499e-13
3.67241e-13
2.62227e-13
1.78957e-13
3.50043e-13
4.44617e-13
2.06397e-13
8.96075e-14
3.94021e-14
-2.73486e-14
1.05502e-13
2.97173e-13
4.91043e-13
5.24807e-13
2.46372e-13
1.8449e-13
5.18689e-13
8.01431e-13
7.53398e-13
5.44063e-13
1.63618e-13
-5.71644e-14
-1.52683e-13
-6.67352e-14
6.96344e-14
8.92739e-14
1.07953e-13
3.03707e-13
4.99176e-13
5.28222e-13
6.88732e-13
7.99183e-13
8.18112e-13
6.65498e-13
3.58894e-13
3.26924e-13
5.49948e-13
7.14125e-13
-1.50222e-13
-2.58816e-13
-3.96629e-13
-6.44313e-13
-4.25341e-13
-2.85348e-14
-6.58441e-15
-3.35156e-14
1.82209e-13
5.83655e-13
8.32108e-13
1.00133e-12
1.1797e-12
1.02053e-12
8.68281e-13
7.25821e-13
5.82756e-13
3.77734e-13
2.1036e-13
8.80681e-15
-7.58604e-13
-6.71511e-13
-5.98468e-13
-7.5892e-13
-7.20255e-13
-3.50654e-13
-2.71014e-13
-2.7306e-13
-1.41026e-13
8.63514e-14
2.50342e-13
5.20075e-13
8.75879e-13
9.58995e-13
8.88087e-13
7.69277e-13
5.71097e-13
2.63485e-13
-1.79185e-13
-5.92222e-13
-7.65295e-13
-7.77545e-13
-8.6011e-13
-9.7471e-13
-8.45908e-13
-5.46585e-13
-4.96827e-13
-5.75434e-13
-5.52962e-13
-3.5081e-13
-1.51061e-13
1.55236e-13
4.69626e-13
7.75112e-13
8.61912e-13
7.89856e-13
5.17968e-13
2.19972e-13
-1.66719e-13
-5.50878e-13
-7.17661e-13
-9.13681e-13
-1.11971e-12
-1.19444e-12
-9.85332e-13
-6.69373e-13
-7.10394e-13
-9.85111e-13
-9.12094e-13
-5.29197e-13
-3.07626e-13
-2.94254e-14
1.27548e-13
3.75631e-13
5.9381e-13
8.1043e-13
6.82779e-13
4.72002e-13
8.09424e-14
-3.34851e-13
-8.27722e-13
-1.04564e-12
-1.30686e-12
-1.25835e-12
-1.14283e-12
-9.15513e-13
-7.99154e-13
-9.08633e-13
-9.63435e-13
-7.32684e-13
-4.63988e-13
-2.5592e-13
-8.58725e-14
1.28699e-13
3.44562e-13
6.16199e-13
6.72959e-13
5.92118e-13
2.34837e-13
-3.34224e-13
-9.79455e-13
-1.27099e-12
-1.45361e-12
-1.19954e-12
-1.05343e-12
-1.00933e-12
-8.66814e-13
-8.47377e-13
-9.24956e-13
-8.00221e-13
-5.2033e-13
-4.17413e-13
-2.87265e-13
-4.50864e-14
1.59395e-13
4.0684e-13
3.79723e-13
1.48186e-13
-1.40049e-13
-5.92416e-13
-9.97058e-13
-1.17987e-12
-1.34084e-12
-9.77523e-13
-8.66881e-13
-9.68082e-13
-8.44967e-13
-7.68629e-13
-7.80721e-13
-6.95035e-13
-4.49642e-13
-2.79651e-13
-2.39346e-13
-7.67567e-14
1.49682e-13
3.23177e-13
2.14926e-13
-3.20884e-13
-7.06956e-13
-8.71049e-13
-1.22408e-12
-1.04257e-12
-1.01552e-12
-8.35411e-13
-7.77208e-13
-9.00712e-13
-7.86296e-13
-5.79747e-13
-6.11118e-13
-5.37347e-13
-3.13238e-13
-1.45245e-13
-1.43206e-13
-1.29576e-13
4.93949e-14
2.10285e-13
1.0867e-13
-4.64534e-13
-1.08875e-12
-1.34763e-12
-1.34619e-12
-8.25628e-13
-5.61109e-13
-5.48453e-13
-8.6553e-13
-8.93536e-13
-7.88999e-13
-4.83511e-13
-3.93551e-13
-3.27553e-13
-1.78767e-13
-8.10901e-14
-2.3775e-13
-1.60009e-13
-1.88254e-13
2.29748e-14
1.6023e-13
-4.02241e-13
-1.14159e-12
-1.59136e-12
-1.2023e-12
-6.4393e-13
-2.28965e-13
-2.19015e-13
-7.69568e-13
-1.02872e-12
-9.37093e-13
-5.37654e-13
-1.90559e-13
-1.33107e-13
-1.40573e-13
-1.10021e-13
-1.2325e-13
2.82723e-14
-3.08383e-14
1.85915e-13
3.62117e-13
-4.35029e-14
-7.72329e-13
-1.34253e-12
-8.3213e-13
-3.26013e-13
-5.19096e-14
-9.86462e-14
-6.51307e-13
-9.97254e-13
-9.98227e-13
-7.3859e-13
-4.63162e-13
-2.19848e-13
-7.00848e-14
6.34213e-14
3.65265e-13
5.41138e-13
5.18257e-13
5.02901e-13
5.1342e-13
3.43784e-13
-2.35807e-13
-8.13096e-13
-2.68756e-13
-3.88585e-14
5.92664e-15
-2.29467e-13
-7.24373e-13
-9.79616e-13
-1.01117e-12
-9.81885e-13
-7.96211e-13
-3.44922e-13
5.94484e-14
3.43874e-13
6.39828e-13
8.61142e-13
8.23904e-13
8.75328e-13
7.11998e-13
4.50858e-13
8.76234e-14
-2.43823e-13
2.65764e-13
3.23086e-13
9.85062e-14
-4.59175e-13
-9.37167e-13
-1.23593e-12
-1.2948e-12
-1.20531e-12
-8.62137e-13
-2.98456e-13
1.35281e-13
4.20547e-13
6.49327e-13
8.51363e-13
9.51412e-13
1.13019e-12
9.56747e-13
5.33923e-13
3.50178e-13
2.25838e-13
3.13353e-13
2.4415e-13
-1.17567e-14
-6.12957e-13
-1.21071e-12
-1.67542e-12
-1.78725e-12
-1.42349e-12
-9.346e-13
-3.88717e-13
-1.20078e-13
1.8001e-13
5.45135e-13
8.44621e-13
1.04005e-12
1.13901e-12
1.02525e-12
7.74943e-13
4.98625e-13
3.50282e-13
1.44251e-13
9.63594e-15
-1.22669e-13
-5.13085e-13
-1.20591e-12
-1.65425e-12
-1.70054e-12
-1.34539e-12
-9.18035e-13
-5.71982e-13
-2.9895e-13
4.1469e-14
4.94095e-13
9.33206e-13
1.11311e-12
1.09549e-12
9.22073e-13
8.19704e-13
5.28178e-13
3.34065e-13
2.45282e-13
2.05437e-14
-6.84434e-14
-2.34589e-13
-7.13713e-13
-1.00357e-12
-1.06635e-12
-7.98718e-13
-5.20679e-13
-3.97754e-13
-4.31223e-13
-2.16473e-13
4.9108e-13
9.29817e-13
8.04826e-13
7.01086e-13
6.90279e-13
8.8764e-13
7.60452e-13
5.3735e-13
5.344e-13
4.04388e-13
4.06279e-13
2.39897e-13
-1.41512e-13
-3.82651e-13
-3.27511e-13
-2.41199e-13
-2.42624e-13
-3.85487e-13
-5.46768e-13
-5.16842e-13
-3.58019e-15
5.93333e-13
6.01648e-13
4.90876e-13
4.77191e-13
7.28197e-13
7.08387e-13
6.76448e-13
6.82019e-13
7.43463e-13
7.0803e-13
5.71137e-13
4.05797e-13
2.88407e-13
2.70722e-13
2.63978e-13
-9.92185e-14
-4.54718e-13
-4.53962e-13
-4.52362e-13
-1.7508e-13
2.88553e-13
5.32033e-13
3.99802e-13
3.06831e-13
4.26679e-13
5.25543e-13
6.0205e-13
7.63408e-13
7.76056e-13
6.70308e-13
4.16875e-13
4.30769e-13
5.54773e-13
5.23407e-13
3.77448e-13
1.0704e-13
4.28812e-14
9.68225e-14
1.44259e-13
3.18797e-13
4.54589e-13
5.60493e-13
5.04838e-13
3.67276e-13
4.58679e-13
5.5114e-13
5.96011e-13
4.62449e-13
4.09774e-13
1.51165e-13
-1.25621e-13
-2.16621e-15
3.35561e-13
3.89134e-13
2.44296e-13
2.45669e-13
4.95863e-13
7.38817e-13
8.37034e-13
9.34579e-13
8.28222e-13
7.91022e-13
5.70744e-13
5.31887e-13
5.5239e-13
6.34928e-13
5.69182e-13
-4.93705e-13
-3.95795e-13
-5.11806e-13
-7.06289e-13
-4.43206e-13
-6.1812e-14
3.15226e-13
5.20996e-13
6.53115e-13
8.37684e-13
1.03633e-12
1.05322e-12
1.0547e-12
9.47327e-13
7.85989e-13
5.54356e-13
5.08399e-13
2.75491e-13
-4.72607e-15
-3.74508e-13
-1.128e-12
-1.00922e-12
-7.42579e-13
-8.4986e-13
-8.10343e-13
-3.95649e-13
7.01333e-14
4.08548e-13
5.15123e-13
5.91752e-13
7.11641e-13
8.79504e-13
1.04219e-12
9.96149e-13
9.10479e-13
8.07728e-13
6.12489e-13
2.45045e-13
-2.34664e-13
-8.57182e-13
-1.07708e-12
-9.55259e-13
-7.5772e-13
-8.82349e-13
-8.42995e-13
-4.72353e-13
-9.36711e-14
1.07418e-13
6.68602e-14
4.81017e-14
1.80597e-13
5.20165e-13
7.75383e-13
9.26004e-13
9.55163e-13
9.34271e-13
5.67958e-13
2.11563e-13
-2.78225e-13
-8.79483e-13
-7.58912e-13
-7.85962e-13
-7.60439e-13
-8.20832e-13
-8.14353e-13
-4.43243e-13
-2.3695e-13
-3.52452e-13
-4.93525e-13
-3.00057e-13
-2.61912e-14
2.04802e-13
3.65212e-13
6.09472e-13
6.23311e-13
7.47856e-13
6.27342e-13
4.21103e-13
-8.11356e-14
-5.71042e-13
-7.47803e-13
-7.23275e-13
-9.42469e-13
-9.75425e-13
-9.60134e-13
-7.56245e-13
-7.0579e-13
-8.14218e-13
-8.8623e-13
-5.75007e-13
-2.61763e-13
-1.31515e-13
-3.21517e-16
2.79259e-13
4.12403e-13
5.15525e-13
5.7521e-13
4.3677e-13
-1.07375e-14
-5.3371e-13
-1.06921e-12
-9.22759e-13
-1.0908e-12
-1.02056e-12
-8.61424e-13
-8.75924e-13
-9.88327e-13
-1.06923e-12
-1.08216e-12
-7.77784e-13
-4.1098e-13
-3.04211e-13
-2.24427e-13
7.65991e-14
2.22624e-13
3.22051e-13
3.02094e-13
4.9749e-15
-2.98036e-13
-8.42111e-13
-1.0057e-12
-7.87185e-13
-8.6583e-13
-8.04704e-13
-6.32533e-13
-8.49704e-13
-8.96184e-13
-9.50906e-13
-8.83917e-13
-5.87998e-13
-2.2286e-13
-4.68349e-14
-7.02689e-14
1.2845e-14
6.15407e-14
4.41643e-14
-1.78844e-13
-5.89011e-13
-9.74416e-13
-1.12525e-12
-1.04249e-12
-7.06811e-13
-7.3574e-13
-7.77398e-13
-6.28361e-13
-6.62758e-13
-6.32351e-13
-6.69628e-13
-6.54886e-13
-3.75134e-13
-6.54952e-14
4.19576e-14
-4.02124e-14
-1.01254e-13
-1.48255e-13
-2.1239e-13
-4.65475e-13
-9.65078e-13
-1.3586e-12
-1.4523e-12
-1.23341e-12
-8.33293e-13
-7.27793e-13
-8.24295e-13
-8.46192e-13
-7.25053e-13
-6.31184e-13
-5.58204e-13
-3.63263e-13
-1.26047e-13
9.46901e-15
-7.40138e-14
-3.89249e-13
-3.12461e-13
-3.62316e-13
-2.68443e-13
-3.73762e-13
-8.53649e-13
-1.33034e-12
-1.55506e-12
-1.22477e-12
-8.61654e-13
-6.92395e-13
-7.09607e-13
-9.87366e-13
-1.11826e-12
-9.37204e-13
-6.26988e-13
-2.16893e-13
8.42943e-14
8.50799e-14
-1.23929e-13
-4.20067e-13
-3.01104e-13
-2.07495e-13
-1.21217e-13
4.18699e-14
-2.99162e-13
-8.96063e-13
-1.28563e-12
-1.04891e-12
-7.28453e-13
-4.45159e-13
-5.1729e-13
-9.4225e-13
-1.26277e-12
-1.14562e-12
-8.27829e-13
-3.93649e-13
4.13613e-14
1.74118e-13
1.33713e-13
1.34081e-13
1.17028e-13
1.51499e-13
1.91762e-13
3.60221e-13
2.82568e-13
-3.09746e-13
-8.6513e-13
-4.63534e-13
-4.07752e-13
-2.97281e-13
-3.73166e-13
-8.34069e-13
-1.11444e-12
-1.17569e-12
-1.12438e-12
-6.95529e-13
-2.42167e-13
2.21264e-13
3.92182e-13
5.25837e-13
5.7685e-13
4.57132e-13
5.35539e-13
6.03641e-13
4.85647e-13
1.89002e-13
-1.51971e-13
1.32275e-13
3.96985e-14
-6.11795e-14
-4.49945e-13
-9.95955e-13
-1.37037e-12
-1.50274e-12
-1.36926e-12
-9.20128e-13
-4.34168e-13
1.50313e-13
5.46093e-13
6.79741e-13
8.45428e-13
8.09419e-13
8.09786e-13
8.90137e-13
6.33665e-13
4.57657e-13
3.03486e-13
2.50457e-13
2.19238e-13
2.18884e-13
-3.39458e-13
-1.08479e-12
-1.62662e-12
-1.90103e-12
-1.54884e-12
-1.12741e-12
-6.01248e-13
-1.61435e-13
2.77199e-13
5.67351e-13
8.06294e-13
8.64283e-13
8.35893e-13
9.81116e-13
9.82595e-13
7.35485e-13
4.94966e-13
4.54451e-13
4.24422e-13
3.52309e-13
-9.88435e-14
-8.94242e-13
-1.51587e-12
-1.88656e-12
-1.57906e-12
-1.21216e-12
-8.25845e-13
-4.74254e-13
-8.17268e-14
3.80841e-13
7.80708e-13
8.29248e-13
7.73562e-13
8.45868e-13
1.0288e-12
9.22676e-13
6.69557e-13
5.41865e-13
4.04123e-13
3.41965e-13
7.33495e-14
-4.45052e-13
-1.00507e-12
-1.33639e-12
-1.19857e-12
-9.47433e-13
-6.48921e-13
-5.75289e-13
-2.68833e-13
4.46967e-13
9.32417e-13
7.12123e-13
5.06309e-13
5.7814e-13
8.60158e-13
8.80299e-13
7.56585e-13
5.7724e-13
5.84344e-13
6.23656e-13
3.21851e-13
-7.66824e-14
-4.12754e-13
-6.18202e-13
-6.86628e-13
-6.00245e-13
-4.76426e-13
-5.1115e-13
-3.21548e-13
2.74674e-13
7.78842e-13
6.41277e-13
3.91059e-13
3.62006e-13
5.88131e-13
5.81953e-13
6.25846e-13
3.41041e-13
6.03345e-13
7.47474e-13
4.89134e-13
2.48712e-13
1.379e-13
-7.02567e-14
-2.09184e-13
-2.81947e-13
-3.5852e-13
-3.12882e-13
-2.77879e-13
-1.41798e-14
4.38903e-13
4.57438e-13
3.21777e-13
2.01658e-13
1.71087e-13
5.05661e-15
8.19929e-14
3.32685e-13
5.25217e-13
6.70363e-13
4.11046e-13
3.19129e-13
5.43995e-13
4.16506e-13
6.96766e-14
9.96906e-15
5.02127e-14
1.1036e-13
1.54195e-13
2.25714e-13
5.53783e-13
5.85475e-13
4.62585e-13
3.74667e-13
1.85681e-13
-7.07494e-14
6.90678e-15
1.99251e-13
3.52978e-13
1.68591e-13
-1.41473e-13
9.18998e-14
4.12008e-13
5.11641e-13
3.62125e-13
3.42919e-13
5.34494e-13
6.62901e-13
6.38919e-13
7.07183e-13
7.43494e-13
7.31182e-13
5.6808e-13
4.80213e-13
3.89636e-13
1.55638e-13
7.47045e-14
-7.2771e-13
-5.88011e-13
-5.73688e-13
-6.58528e-13
-4.01972e-13
-4.92645e-14
4.70786e-13
7.29639e-13
9.12891e-13
1.09285e-12
1.13367e-12
8.69112e-13
8.27048e-13
9.82966e-13
9.60947e-13
6.64558e-13
5.25973e-13
3.09531e-13
-1.40486e-13
-6.13074e-13
-1.18304e-12
-1.05856e-12
-8.71841e-13
-8.93038e-13
-6.63004e-13
-1.90074e-13
3.70538e-13
7.72585e-13
1.02202e-12
1.14387e-12
1.25762e-12
1.09554e-12
1.03118e-12
1.2302e-12
1.21625e-12
9.35318e-13
7.67978e-13
4.4949e-13
-2.25151e-13
-9.41376e-13
-1.10026e-12
-8.41822e-13
-6.50067e-13
-7.3427e-13
-6.25204e-13
-1.61359e-13
2.94429e-13
4.91355e-13
7.06198e-13
8.66298e-13
8.76152e-13
8.9514e-13
8.76785e-13
1.06973e-12
1.10028e-12
1.0995e-12
8.72983e-13
5.40053e-13
-1.97669e-13
-8.91931e-13
-5.82002e-13
-2.92901e-13
-2.63032e-13
-4.34854e-13
-4.59715e-13
-3.42126e-15
2.06639e-13
1.6718e-13
2.41813e-13
4.37211e-13
5.16975e-13
5.65681e-13
5.05289e-13
5.81389e-13
6.55709e-13
8.23259e-13
7.93389e-13
5.70512e-13
-8.24918e-14
-6.06105e-13
-3.25621e-13
-4.66134e-15
-1.1425e-13
-3.00301e-13
-5.03068e-13
-2.76269e-13
-3.15403e-13
-5.23324e-13
-4.46963e-13
-1.41394e-13
4.64574e-14
6.44261e-14
2.63154e-14
2.71245e-13
3.45308e-13
3.99703e-13
5.30993e-13
4.73618e-13
-6.96514e-14
-5.2924e-13
-6.61637e-13
-3.06011e-13
-3.46145e-13
-4.55946e-13
-6.81013e-13
-6.81235e-13
-8.04037e-13
-1.00343e-12
-9.14095e-13
-5.16233e-13
-2.49627e-13
-2.46667e-13
-2.32051e-13
3.33852e-15
1.08357e-13
7.87638e-14
1.2348e-13
-2.61005e-14
-3.41841e-13
-7.24108e-13
-6.66522e-13
-3.72917e-13
-4.43391e-13
-5.22092e-13
-5.37128e-13
-7.06686e-13
-8.51987e-13
-1.04275e-12
-9.84714e-13
-5.8301e-13
-1.94151e-13
-1.05441e-13
-1.48719e-13
-1.68676e-13
-1.11133e-13
-8.94231e-14
-2.60497e-13
-5.98254e-13
-8.72644e-13
-8.88701e-13
-6.43332e-13
-3.48491e-13
-4.75751e-13
-5.81389e-13
-4.0478e-13
-4.98103e-13
-6.79426e-13
-8.86009e-13
-9.00542e-13
-4.06816e-13
1.06596e-13
1.69753e-13
-4.82043e-14
-1.71592e-13
-1.77462e-13
-2.21063e-13
-5.22021e-13
-8.53128e-13
-1.0993e-12
-1.03676e-12
-7.77516e-13
-5.93137e-13
-6.7064e-13
-7.06402e-13
-6.24095e-13
-5.65804e-13
-6.3908e-13
-8.39601e-13
-6.58388e-13
-9.2939e-14
2.61983e-13
1.83786e-13
-1.47102e-13
-2.48974e-13
-1.85798e-13
-2.06943e-13
-4.02977e-13
-6.88437e-13
-9.88031e-13
-1.03475e-12
-8.70966e-13
-7.14366e-13
-6.70144e-13
-6.98543e-13
-8.02704e-13
-8.86046e-13
-8.89703e-13
-8.07644e-13
-4.39172e-13
1.33113e-13
2.72918e-13
7.07474e-14
-4.03571e-13
-3.84503e-13
-1.33701e-13
-1.28906e-13
-9.29642e-14
-2.69047e-13
-6.04605e-13
-7.45247e-13
-8.84626e-13
-7.08758e-13
-4.70648e-13
-3.93924e-13
-6.44406e-13
-1.03853e-12
-1.13401e-12
-8.6961e-13
-4.23742e-13
1.40868e-13
3.59489e-13
1.46651e-13
-1.89607e-13
-1.78731e-13
-2.23201e-14
4.41719e-14
1.68257e-13
1.39006e-13
-2.13435e-13
-5.88635e-13
-5.43322e-13
-5.00694e-13
-3.5043e-13
-2.69087e-13
-5.86492e-13
-1.03441e-12
-1.24171e-12
-1.14903e-12
-6.95925e-13
-1.92942e-13
2.99105e-13
3.40508e-13
1.54298e-13
1.5716e-13
1.25393e-13
7.92984e-14
2.94436e-13
3.59419e-13
2.25915e-13
-1.75535e-13
-3.53996e-15
-1.87319e-13
-2.98701e-13
-6.28666e-13
-1.01519e-12
-1.39496e-12
-1.57183e-12
-1.39585e-12
-9.22306e-13
-5.29098e-13
4.76952e-14
3.89018e-13
4.15762e-13
4.5471e-13
3.10283e-13
2.10771e-13
4.53525e-13
5.76754e-13
3.73119e-13
2.44985e-13
3.77962e-13
2.48498e-13
1.46889e-14
-5.43092e-13
-1.17992e-12
-1.65635e-12
-1.89788e-12
-1.71071e-12
-1.32483e-12
-9.49674e-13
-3.60203e-13
1.29029e-13
4.72809e-13
6.23188e-13
4.97273e-13
3.63181e-13
6.71208e-13
8.87901e-13
6.97957e-13
6.22804e-13
8.70969e-13
7.64211e-13
4.38772e-13
-1.39083e-13
-8.7617e-13
-1.58062e-12
-2.00681e-12
-1.91085e-12
-1.68952e-12
-1.33938e-12
-7.79292e-13
-1.70557e-13
3.4587e-13
7.60798e-13
6.53827e-13
4.45702e-13
6.47322e-13
9.58156e-13
1.00782e-12
8.5415e-13
8.37221e-13
8.42424e-13
5.63618e-13
1.10767e-13
-3.71698e-13
-9.91694e-13
-1.58417e-12
-1.63039e-12
-1.41052e-12
-1.12583e-12
-7.89885e-13
-2.64031e-13
4.96488e-13
9.6203e-13
8.11534e-13
4.30395e-13
4.62474e-13
8.33964e-13
8.83939e-13
8.15508e-13
6.02297e-13
7.64037e-13
6.83254e-13
2.85839e-13
-1.04141e-13
-4.37692e-13
-8.526e-13
-1.08187e-12
-9.18827e-13
-6.33742e-13
-5.70077e-13
-1.84582e-13
4.70732e-13
8.42346e-13
7.86303e-13
4.69328e-13
3.75636e-13
3.86713e-13
3.03032e-13
4.19859e-13
1.52205e-13
5.47514e-13
5.81312e-13
2.33436e-13
4.94813e-14
3.87453e-14
-2.84886e-13
-5.22031e-13
-3.24908e-13
-2.15675e-13
-2.1303e-13
-1.00053e-13
6.10123e-14
5.09624e-13
5.7151e-13
4.66397e-13
1.90865e-13
-2.03789e-13
-5.31146e-13
-3.10957e-13
-6.75541e-14
3.07894e-13
3.14956e-13
1.72891e-13
2.22865e-13
4.79782e-13
3.19066e-13
2.83067e-14
9.15556e-14
1.84086e-13
1.93534e-13
1.07685e-13
2.66189e-14
4.15684e-13
5.97925e-13
5.18679e-13
3.0844e-13
-2.14922e-13
-7.03762e-13
-5.23732e-13
-1.99447e-13
2.68499e-14
2.53409e-14
-9.71466e-14
1.40097e-13
3.37372e-13
4.25512e-13
3.55301e-13
5.04106e-13
6.90389e-13
6.02908e-13
3.82304e-13
3.67252e-13
6.20458e-13
7.39232e-13
6.21219e-13
4.7367e-13
1.14028e-13
-3.17275e-13
-4.12673e-13
-5.53342e-13
-3.3651e-13
-3.71389e-13
-3.96291e-13
-8.12682e-14
2.39988e-13
5.8995e-13
7.95449e-13
1.02654e-12
1.33164e-12
1.34052e-12
1.0475e-12
1.15297e-12
1.34717e-12
1.30862e-12
9.84232e-13
7.81423e-13
4.62866e-13
-1.19549e-13
-5.285e-13
-8.08123e-13
-5.64211e-13
-4.99406e-13
-4.40401e-13
-1.20299e-13
2.90485e-13
7.39305e-13
9.48967e-13
1.24188e-12
1.51118e-12
1.59849e-12
1.35654e-12
1.34657e-12
1.52403e-12
1.52239e-12
1.22115e-12
1.16411e-12
7.9143e-13
-7.62407e-14
-7.99859e-13
-7.61951e-13
-4.52941e-13
-2.81075e-13
-2.28604e-13
2.03471e-14
4.53118e-13
8.01741e-13
8.92197e-13
1.05716e-12
1.3546e-12
1.45469e-12
1.26546e-12
1.14311e-12
1.32516e-12
1.40807e-12
1.35429e-12
1.33201e-12
9.37968e-13
4.91561e-14
-7.01236e-13
-1.64534e-13
1.30318e-13
2.48399e-13
1.96542e-13
2.45919e-13
5.1769e-13
6.76114e-13
7.30041e-13
8.87328e-13
1.00817e-12
9.96011e-13
9.4173e-13
7.19538e-13
7.04469e-13
8.04031e-13
1.0059e-12
1.13968e-12
9.27901e-13
2.51333e-13
-2.16091e-13
3.56885e-13
5.77523e-13
5.08915e-13
3.15669e-13
6.19004e-14
1.86872e-13
1.1465e-13
-3.1948e-14
1.45592e-13
4.16176e-13
5.82061e-13
3.63758e-13
2.07945e-13
1.93886e-13
6.11515e-14
2.70803e-13
7.57121e-13
9.06971e-13
5.18262e-13
1.81272e-13
2.00206e-13
2.59339e-13
1.52379e-13
-4.17801e-14
-4.21734e-13
-5.50139e-13
-7.49981e-13
-9.46518e-13
-6.56508e-13
-9.94577e-14
6.81495e-14
-2.1946e-13
-3.64589e-13
-3.68206e-13
-3.98265e-13
-1.32275e-13
2.89787e-13
3.86442e-13
2.39632e-13
9.047e-14
-1.82179e-13
-1.53728e-14
-1.08424e-13
-2.70738e-13
-5.01039e-13
-8.33586e-13
-1.1747e-12
-1.35124e-12
-9.82912e-13
-3.83811e-13
-1.51566e-13
-3.57087e-13
-6.22858e-13
-6.74638e-13
-5.15099e-13
-2.17609e-13
1.88996e-14
-2.62365e-13
-4.22784e-13
-4.11653e-13
-3.94718e-13
-1.7257e-13
-1.41615e-13
-3.20446e-13
-4.5187e-13
-7.82302e-13
-1.10903e-12
-1.31707e-12
-1.03845e-12
-3.49552e-13
2.17016e-13
1.47067e-13
-2.45245e-13
-4.53745e-13
-3.81133e-13
-2.15851e-13
-2.03552e-13
-4.08612e-13
-5.70848e-13
-5.22047e-13
-4.67752e-13
-4.00395e-13
-3.88643e-13
-4.69343e-13
-6.07764e-13
-7.18173e-13
-9.65245e-13
-1.15402e-12
-8.43797e-13
-1.14666e-13
5.66459e-13
5.65672e-13
1.01415e-13
-1.31301e-13
-1.04478e-13
-7.41698e-14
-1.6891e-13
-3.3486e-13
-4.20874e-13
-4.14343e-13
-5.72954e-13
-5.02891e-13
-4.95272e-13
-5.47904e-13
-6.3919e-13
-8.05238e-13
-9.66878e-13
-9.21502e-13
-4.86702e-13
9.21926e-14
5.04073e-13
4.02656e-13
-6.22193e-14
-1.35653e-13
8.37377e-14
-4.18243e-14
-1.09819e-13
-2.63313e-13
-2.89657e-13
-3.4695e-13
-6.68273e-13
-6.5035e-13
-5.43396e-13
-3.59548e-13
-3.582e-13
-7.75668e-13
-1.03612e-12
-8.63868e-13
-4.44807e-13
6.31366e-14
3.68917e-13
2.68473e-13
-1.45906e-13
-1.08503e-13
8.24905e-14
-8.20556e-15
-1.11317e-14
-7.15884e-14
-5.6243e-14
-3.02022e-13
-5.51053e-13
-6.35302e-13
-5.56803e-13
-4.31625e-13
-4.44104e-13
-8.22495e-13
-1.10441e-12
-1.00947e-12
-6.51282e-13
-2.20182e-13
1.39441e-13
1.13592e-13
-9.85322e-14
-1.64001e-13
-1.08395e-13
-9.6796e-14
3.51147e-14
6.67615e-14
4.16898e-14
-2.59577e-13
-2.97197e-13
-5.16286e-13
-7.14195e-13
-9.0406e-13
-9.0448e-13
-1.14268e-12
-1.38467e-12
-1.39139e-12
-1.04091e-12
-6.75519e-13
-2.82637e-13
1.51862e-14
5.46605e-14
-1.16928e-14
-1.06162e-13
-5.85023e-14
1.47683e-13
1.24205e-13
8.35613e-14
-1.99129e-14
1.26502e-13
-6.17696e-14
-4.1125e-13
-9.24574e-13
-1.2446e-12
-1.53833e-12
-1.8687e-12
-1.88383e-12
-1.61069e-12
-1.25945e-12
-6.80905e-13
-2.05649e-14
3.33047e-13
3.18179e-13
1.22401e-13
1.00255e-13
3.41879e-13
4.22012e-13
2.13554e-13
2.65727e-13
6.60864e-13
5.64077e-13
4.21471e-14
-5.66639e-13
-1.10437e-12
-1.65721e-12
-2.0149e-12
-2.01811e-12
-1.79677e-12
-1.50384e-12
-9.04112e-13
-1.05262e-13
4.66473e-13
6.46421e-13
4.28415e-13
3.01298e-13
4.45531e-13
4.97026e-13
3.82319e-13
4.68006e-13
8.02112e-13
8.40625e-13
3.83171e-13
-1.64856e-13
-5.75443e-13
-1.06323e-12
-1.60583e-12
-1.72129e-12
-1.5357e-12
-1.21932e-12
-8.68315e-13
-1.84528e-13
5.83527e-13
1.01961e-12
9.47056e-13
6.69538e-13
4.61941e-13
4.36921e-13
3.74816e-13
4.67843e-13
6.40314e-13
8.21835e-13
5.81804e-13
2.01645e-13
-1.28095e-13
-3.82129e-13
-8.99014e-13
-1.1708e-12
-1.01762e-12
-7.03929e-13
-5.47563e-13
-9.74355e-14
5.91539e-13
1.01232e-12
1.1035e-12
8.32546e-13
4.63857e-13
1.49194e-13
4.31428e-14
1.90564e-13
2.2864e-13
5.11427e-13
4.12289e-13
2.12894e-13
1.53088e-13
1.13689e-13
-2.02497e-13
-5.42499e-13
-4.46495e-13
-1.43152e-13
-4.0206e-14
1.1585e-14
3.18171e-13
7.93533e-13
9.37426e-13
7.11826e-13
2.53454e-13
-2.97916e-13
-4.95422e-13
-2.14969e-13
-1.15629e-13
2.33994e-13
2.75659e-13
1.23181e-13
2.77102e-13
5.56177e-13
2.59366e-13
-9.2e-15
4.21182e-14
2.69833e-13
3.20029e-13
2.38923e-13
3.29818e-13
7.1875e-13
8.39447e-13
5.6157e-13
1.32461e-13
-3.10106e-13
-6.10373e-13
-4.32973e-13
-2.70108e-13
1.49586e-14
8.3516e-14
-3.55846e-15
2.69275e-13
4.52567e-13
4.08038e-13
3.68083e-13
5.9219e-13
9.19706e-13
8.42637e-13
5.84872e-13
6.6947e-13
9.1641e-13
9.57905e-13
6.81515e-13
3.68702e-13
5.73122e-14
-3.00239e-13
-4.72957e-13
-3.7696e-14
9.58803e-14
1.18156e-15
1.02005e-13
3.82889e-13
6.4568e-13
7.56265e-13
8.7562e-13
1.18956e-12
1.51813e-12
1.63265e-12
1.63264e-12
1.77367e-12
1.87379e-12
1.78018e-12
1.55592e-12
1.23867e-12
6.01916e-13
5.57775e-15
-2.42315e-13
-3.57763e-13
-1.52399e-13
-2.80703e-14
6.04936e-14
4.76667e-13
8.5557e-13
1.06952e-12
1.13507e-12
1.38084e-12
1.57689e-12
1.66042e-12
1.68346e-12
1.83566e-12
1.85267e-12
1.76982e-12
1.69993e-12
1.47886e-12
8.6438e-13
1.88266e-14
-4.032e-13
-2.53648e-13
-8.20755e-14
8.81306e-14
3.29664e-13
7.70704e-13
1.14335e-12
1.26291e-12
1.25578e-12
1.23479e-12
1.3413e-12
1.47426e-12
1.43725e-12
1.47628e-12
1.58348e-12
1.63692e-12
1.59586e-12
1.50679e-12
1.06421e-12
2.39394e-13
-2.68312e-13
4.21083e-13
3.71e-13
3.54971e-13
5.60585e-13
9.42015e-13
1.09232e-12
1.05708e-12
1.0532e-12
1.07358e-12
1.07793e-12
1.13496e-12
1.07765e-12
9.30287e-13
9.94089e-13
1.04957e-12
1.16753e-12
1.31555e-12
1.14546e-12
6.60189e-13
3.52416e-13
9.53001e-13
6.47705e-13
4.03984e-13
3.98828e-13
5.08193e-13
5.91844e-13
4.5594e-13
3.1786e-13
3.47965e-13
6.10457e-13
8.23442e-13
6.07948e-13
3.73964e-13
1.04235e-13
-1.05909e-15
3.64792e-13
9.11875e-13
1.15081e-12
1.10014e-12
9.4158e-13
6.99498e-13
4.16752e-13
1.39598e-13
-3.20768e-14
-1.26661e-13
-2.71355e-13
-5.5646e-13
-7.92875e-13
-4.68201e-13
6.93312e-14
3.12854e-13
4.77269e-14
-1.97663e-13
-5.62617e-13
-6.8734e-13
-1.67613e-13
4.71188e-13
7.82072e-13
8.10876e-13
7.2868e-13
1.13321e-13
1.4433e-13
-3.56112e-14
-3.10257e-13
-4.53805e-13
-7.45631e-13
-1.23219e-12
-1.47863e-12
-9.7996e-13
-3.4457e-13
-8.93467e-14
-1.71009e-13
-5.24237e-13
-8.46741e-13
-8.76303e-13
-5.37762e-13
7.08681e-14
2.56093e-13
2.27451e-13
8.69741e-14
-2.74403e-13
-1.09285e-13
-1.55385e-13
-4.59674e-13
-6.00754e-13
-8.41677e-13
-1.22397e-12
-1.3304e-12
-9.61581e-13
-3.25526e-13
2.2308e-13
2.97797e-13
-1.75121e-13
-5.37783e-13
-5.73672e-13
-5.27718e-13
-1.44679e-13
-4.44161e-14
-1.28056e-13
-2.47706e-13
-3.8885e-13
-3.17838e-13
-3.01455e-13
-5.70289e-13
-5.94762e-13
-7.60647e-13
-1.00653e-12
-9.77259e-13
-7.08806e-13
-6.01164e-14
6.47123e-13
8.54395e-13
3.67298e-13
-1.10465e-13
-1.98378e-13
-2.9015e-13
-2.16993e-13
-1.92479e-13
-2.29892e-13
-2.68275e-13
-4.67344e-13
-4.39035e-13
-4.18287e-13
-4.78437e-13
-4.47578e-13
-6.84311e-13
-8.85431e-13
-7.48406e-13
-3.46626e-13
1.07901e-13
6.74986e-13
7.52462e-13
3.62618e-13
4.89523e-14
4.70569e-14
-1.14607e-13
-2.50136e-13
-2.75146e-13
-1.92675e-13
-2.29476e-13
-6.22767e-13
-5.66131e-13
-4.83718e-13
-3.02284e-13
-1.49113e-13
-4.75562e-13
-7.51322e-13
-6.69509e-13
-3.49898e-13
5.87944e-14
3.19642e-13
3.2763e-13
2.89407e-14
-7.20684e-14
1.00608e-13
9.74126e-14
-6.5532e-14
-1.56424e-13
-1.61015e-13
-3.96098e-13
-7.16162e-13
-6.26796e-13
-5.02313e-13
-2.67274e-13
-8.81561e-14
-3.73052e-13
-5.79711e-13
-6.37772e-13
-5.36892e-13
-1.3446e-13
2.05268e-14
7.74429e-15
-1.6835e-13
-2.51684e-13
-6.26707e-14
4.5082e-14
-4.9175e-14
-1.96142e-13
-3.2155e-13
-6.18066e-13
-7.02393e-13
-7.47772e-13
-7.6065e-13
-6.69349e-13
-4.19398e-13
-5.3996e-13
-7.81744e-13
-9.41334e-13
-8.94403e-13
-6.14945e-13
-3.53114e-13
-1.264e-13
-1.17709e-13
-1.71566e-13
-1.2298e-13
-3.91173e-14
-2.20635e-14
-3.05116e-13
-5.19558e-13
-6.60052e-13
-3.37008e-13
-3.55975e-13
-5.36511e-13
-9.01381e-13
-1.00315e-12
-1.06903e-12
-1.29594e-12
-1.56256e-12
-1.44341e-12
-1.12973e-12
-5.2729e-13
1.87912e-14
1.51928e-13
1.17494e-13
-8.39119e-15
1.02624e-13
1.88352e-13
-1.55788e-13
-4.66357e-13
-4.52055e-13
2.14271e-13
2.45493e-13
-1.62517e-13
-8.15506e-13
-1.28086e-12
-1.57544e-12
-1.7659e-12
-1.77551e-12
-1.51298e-12
-1.1536e-12
-4.91117e-13
3.66812e-14
3.60352e-13
3.70913e-13
3.1708e-13
4.49349e-13
4.87333e-13
1.38061e-13
-2.41897e-13
-3.10772e-14
4.77687e-13
6.57009e-13
2.29585e-13
-4.58475e-13
-9.93465e-13
-1.27138e-12
-1.60293e-12
-1.62674e-12
-1.13288e-12
-7.07445e-13
-3.26629e-13
7.92342e-14
6.06746e-13
7.58474e-13
8.56765e-13
9.41977e-13
6.59641e-13
2.14208e-13
-6.80953e-14
4.31201e-14
4.9942e-13
7.13553e-13
5.04928e-13
-5.13579e-14
-4.36842e-13
-5.67222e-13
-9.31633e-13
-1.10074e-12
-8.37077e-13
-4.52075e-13
-2.00028e-13
1.82919e-13
7.27778e-13
1.10279e-12
1.28952e-12
1.17557e-12
5.64585e-13
7.40324e-14
-4.84364e-14
1.2415e-13
3.68649e-13
4.41069e-13
3.83528e-13
9.60573e-14
-4.00438e-14
5.39399e-14
-1.83881e-13
-4.76023e-13
-4.09289e-13
-5.82418e-14
1.93509e-13
3.92959e-13
7.0126e-13
1.19767e-12
1.38598e-12
1.13102e-12
3.98246e-13
-1.62201e-13
-2.22547e-13
1.25606e-13
1.63313e-13
2.6262e-13
2.88031e-13
2.59984e-13
3.38699e-13
4.91272e-13
2.51659e-13
2.60756e-14
1.48006e-13
4.94259e-13
7.34182e-13
7.88158e-13
8.75548e-13
1.21814e-12
1.33699e-12
1.03371e-12
3.43962e-13
-6.39141e-14
-1.90919e-13
1.88972e-15
1.90008e-13
3.77813e-13
3.02969e-13
3.2705e-13
5.01515e-13
5.64458e-13
4.76052e-13
4.37516e-13
7.39479e-13
1.0767e-12
1.23515e-12
1.26403e-12
1.36001e-12
1.46032e-12
1.46759e-12
1.152e-12
7.05915e-13
2.47739e-13
-7.06792e-14
-7.18668e-14
1.9783e-13
2.37695e-13
2.38564e-13
3.39729e-13
6.16842e-13
8.04249e-13
7.81066e-13
8.08481e-13
1.24139e-12
1.52146e-12
1.60025e-12
1.87325e-12
2.00614e-12
1.98402e-12
2.04078e-12
1.84294e-12
1.44201e-12
7.13654e-13
9.02196e-14
1.91216e-14
-5.62404e-14
5.04379e-14
1.60563e-13
2.91787e-13
6.87616e-13
1.03209e-12
1.02791e-12
1.00888e-12
1.20774e-12
1.37377e-12
1.44421e-12
1.61328e-12
1.78683e-12
1.80183e-12
1.78644e-12
1.66047e-12
1.3757e-12
7.05889e-13
6.4232e-14
-1.69251e-13
1.26332e-13
1.96929e-13
2.26349e-13
4.62034e-13
1.00757e-12
1.28704e-12
1.14619e-12
1.10409e-12
1.0765e-12
1.08836e-12
1.12729e-12
1.10214e-12
1.16077e-12
1.2844e-12
1.38583e-12
1.4425e-12
1.41845e-12
9.14242e-13
3.94994e-13
6.20648e-14
6.57679e-13
4.47453e-13
3.37347e-13
5.54914e-13
1.0794e-12
1.18631e-12
9.81965e-13
8.79696e-13
8.191e-13
7.27515e-13
7.86855e-13
7.89989e-13
6.61215e-13
7.11354e-13
8.4983e-13
1.0918e-12
1.25018e-12
1.14632e-12
9.50961e-13
7.07728e-13
1.04937e-12
6.87816e-13
4.07612e-13
3.94416e-13
6.11724e-13
5.67154e-13
4.76647e-13
3.26319e-13
1.84994e-13
2.94381e-13
5.24827e-13
4.73965e-13
2.33896e-13
1.18281e-14
-4.06511e-15
2.89987e-13
8.3497e-13
1.16015e-12
1.21817e-12
1.15173e-12
7.81607e-13
4.48521e-13
1.29873e-13
-1.15389e-13
-1.0898e-13
-2.42142e-13
-5.1974e-13
-6.74641e-13
-5.58175e-13
-2.53769e-13
6.47468e-14
1.37299e-13
-3.86362e-14
-3.95536e-13
-5.54932e-13
-3.1598e-13
4.38744e-13
8.88273e-13
9.15497e-13
8.74563e-13
8.32015e-14
-2.39061e-14
-2.99359e-13
-6.38654e-13
-6.2128e-13
-7.50761e-13
-1.14474e-12
-1.45032e-12
-1.1866e-12
-6.17303e-13
-2.12677e-13
-6.52281e-14
-1.86052e-13
-4.93783e-13
-7.15414e-13
-5.26704e-13
1.20476e-13
5.5836e-13
5.19012e-13
2.4379e-13
-3.71312e-13
-2.05305e-13
-3.61949e-13
-7.4174e-13
-7.2258e-13
-8.19585e-13
-1.17751e-12
-1.30605e-12
-1.02908e-12
-4.97375e-13
3.77449e-14
2.62964e-13
5.49674e-14
-3.32025e-13
-5.85512e-13
-4.67851e-13
-7.97153e-14
1.96239e-13
1.21596e-13
-2.81417e-13
-5.60827e-13
-2.27043e-13
-2.69489e-13
-7.22454e-13
-6.20747e-13
-6.36276e-13
-8.276e-13
-7.79743e-13
-5.3371e-13
-1.68586e-13
3.59349e-13
6.72456e-13
4.18517e-13
-1.3209e-13
-3.66042e-13
-3.49561e-13
-2.20996e-13
-1.03195e-13
-2.55282e-13
-5.13002e-13
-5.58045e-13
-3.96363e-13
-3.06035e-13
-4.27976e-13
-4.093e-13
-5.50114e-13
-6.13971e-13
-4.25482e-13
-1.10454e-13
2.4539e-13
5.77043e-13
6.71558e-13
3.84396e-13
3.71154e-14
-1.50517e-13
-2.26639e-13
-2.54275e-13
-2.72447e-13
-4.59939e-13
-5.04875e-13
-8.2873e-13
-7.38037e-13
-4.27525e-13
-2.64621e-13
-1.93187e-13
-3.46464e-13
-3.77468e-13
-1.75507e-13
1.24822e-14
3.64615e-13
5.4513e-13
4.72965e-13
1.58837e-13
-3.69009e-14
7.9879e-14
-3.83799e-15
-9.87929e-14
-2.4659e-13
-5.64525e-13
-7.19189e-13
-9.37317e-13
-7.22535e-13
-4.82064e-13
-1.76517e-13
9.6995e-14
-2.78651e-14
-4.17764e-14
-1.92395e-14
-3.64569e-15
2.41949e-13
4.54712e-13
3.07294e-13
-3.77158e-14
-1.70695e-13
8.42827e-15
7.06525e-14
-1.5047e-13
-3.97259e-13
-6.41757e-13
-8.93148e-13
-9.00981e-13
-7.13233e-13
-6.19767e-13
-3.40993e-13
-2.95806e-14
4.30964e-14
-1.08272e-13
-2.48054e-13
-3.33013e-13
-7.41287e-14
2.35623e-13
2.18636e-13
6.1472e-15
-1.0673e-13
-9.30756e-14
2.54308e-15
-1.57093e-13
-4.83606e-13
-7.67224e-13
-9.17355e-13
-6.1293e-13
-4.33817e-13
-4.58937e-13
-5.84918e-13
-6.9572e-13
-6.09288e-13
-6.399e-13
-8.17163e-13
-6.85572e-13
-3.29177e-13
2.50284e-13
4.00333e-13
2.38729e-13
1.49324e-13
1.48289e-13
2.36266e-13
1.50752e-13
-2.54306e-13
-7.19546e-13
-8.1135e-13
-1.58601e-14
2.06899e-13
-1.15906e-14
-5.43789e-13
-1.06616e-12
-1.22108e-12
-1.22599e-12
-1.14775e-12
-6.89939e-13
-1.80146e-13
3.51423e-13
5.30708e-13
4.88455e-13
4.62347e-13
5.13627e-13
6.37836e-13
5.20013e-13
1.31639e-13
-4.00181e-13
-4.22976e-13
3.33285e-13
7.62584e-13
5.47833e-13
-2.38485e-13
-9.11492e-13
-1.18125e-12
-1.30481e-12
-1.15849e-12
-5.3112e-13
8.44607e-14
4.99988e-13
6.71188e-13
8.14525e-13
9.28606e-13
1.01444e-12
1.0138e-12
7.66414e-13
3.24857e-13
-1.29019e-13
-1.50166e-13
5.17152e-13
8.16054e-13
6.82196e-13
2.40509e-14
-4.06298e-13
-6.37703e-13
-9.0475e-13
-9.46953e-13
-5.88068e-13
-4.74589e-14
3.53312e-13
6.59704e-13
1.03536e-12
1.45963e-12
1.58724e-12
1.39342e-12
8.40366e-13
3.1881e-13
1.01102e-13
1.853e-13
6.03734e-13
6.86152e-13
4.91669e-13
1.23016e-13
-7.89606e-14
-1.736e-13
-3.87849e-13
-5.91486e-13
-3.36558e-13
1.26359e-13
5.60422e-13
8.25123e-13
1.02647e-12
1.50639e-12
1.78964e-12
1.58758e-12
9.60629e-13
3.3488e-13
5.95733e-14
3.16634e-13
5.26089e-13
4.44995e-13
3.82535e-13
3.38359e-13
3.04399e-13
2.01183e-13
-3.78338e-14
-6.3501e-14
3.33011e-13
7.67729e-13
1.07355e-12
1.28746e-12
1.3473e-12
1.60136e-12
1.83447e-12
1.68001e-12
1.1068e-12
5.41407e-13
1.17233e-13
2.95037e-13
5.06535e-13
5.30089e-13
3.82364e-13
4.02981e-13
5.6562e-13
5.57011e-13
3.71997e-13
5.03187e-13
1.02652e-12
1.34991e-12
1.48059e-12
1.67552e-12
1.70621e-12
1.77399e-12
1.92696e-12
1.76505e-12
1.32794e-12
6.22428e-13
1.18697e-13
2.26161e-13
-1.21515e-14
1.07273e-14
-1.47271e-14
-3.33782e-14
3.05597e-13
5.30185e-13
4.20764e-13
5.33666e-13
9.03064e-13
1.18393e-12
1.26394e-12
1.64409e-12
1.87203e-12
1.87743e-12
1.84623e-12
1.39715e-12
8.6114e-13
1.43312e-13
-2.53305e-13
-1.05797e-13
-7.24477e-14
7.00893e-14
1.17419e-13
1.89245e-13
4.56925e-13
5.93072e-13
6.57187e-13
7.136e-13
8.5107e-13
9.76094e-13
1.06614e-12
1.36314e-12
1.65289e-12
1.70544e-12
1.56669e-12
1.13524e-12
6.9508e-13
6.9675e-14
-3.01811e-13
-1.96828e-13
1.36468e-13
2.10273e-13
2.46377e-13
3.92369e-13
7.72321e-13
8.26154e-13
7.24e-13
7.55202e-13
7.65443e-13
7.50444e-13
7.78478e-13
7.959e-13
9.15156e-13
1.08612e-12
1.05439e-12
9.72612e-13
8.75204e-13
5.10435e-13
1.81374e-13
1.37071e-13
5.17133e-13
5.45415e-13
5.74055e-13
6.69186e-13
8.24737e-13
8.73941e-13
7.29867e-13
6.47716e-13
5.5917e-13
3.94164e-13
3.56989e-13
4.08344e-13
4.11336e-13
4.28541e-13
4.54381e-13
6.27272e-13
9.02904e-13
8.16532e-13
7.05738e-13
5.54172e-13
8.50621e-13
9.02312e-13
8.89906e-13
6.5962e-13
5.31862e-13
4.20729e-13
3.44159e-13
2.63208e-13
8.44454e-14
-1.29282e-13
4.87527e-14
1.74132e-13
3.52899e-14
-1.13793e-13
-1.41154e-13
1.69876e-14
4.64154e-13
7.57933e-13
9.17916e-13
9.29974e-13
7.10337e-13
6.6376e-13
5.49777e-13
1.67694e-13
-1.3916e-13
-3.37642e-13
-5.4604e-13
-6.22423e-13
-6.30171e-13
-5.90558e-13
-3.43073e-13
-8.94479e-14
-1.50288e-13
-3.30995e-13
-3.67965e-13
-2.68556e-13
1.44803e-13
5.20954e-13
6.70103e-13
7.39059e-13
-1.71233e-14
3.9744e-14
-1.31747e-13
-5.44533e-13
-7.8249e-13
-8.67677e-13
-1.1287e-12
-1.34956e-12
-1.12018e-12
-7.56216e-13
-4.7448e-13
-2.70252e-13
-2.01238e-13
-2.49245e-13
-3.13972e-13
-2.42634e-13
9.73693e-14
4.09705e-13
3.46714e-13
5.09284e-14
-5.0916e-13
-2.28515e-13
-3.35093e-13
-6.49648e-13
-7.3769e-13
-8.12691e-13
-1.10161e-12
-1.31733e-12
-1.06749e-12
-5.66082e-13
-1.55803e-13
-1.58085e-14
1.0784e-13
-2.33381e-15
-2.84795e-13
-3.25325e-13
7.33238e-14
3.33024e-13
1.958e-13
-3.76492e-13
-5.7127e-13
-1.60286e-13
-2.36363e-13
-5.71615e-13
-5.42663e-13
-4.92216e-13
-6.28108e-13
-7.65575e-13
-5.26514e-13
-1.71753e-13
1.91969e-13
4.26366e-13
3.70238e-13
-3.19064e-14
-2.88763e-13
-3.55688e-13
-1.19736e-13
-1.103e-13
-2.7495e-13
-6.40611e-13
-6.26704e-13
-2.3519e-13
-9.61198e-14
-3.83354e-13
-4.77075e-13
-5.2652e-13
-3.7802e-13
-1.96657e-13
7.37036e-14
3.31126e-13
4.90775e-13
4.12358e-13
1.31434e-13
-1.52732e-13
-3.79961e-13
-3.9021e-13
-2.88751e-13
-4.25469e-13
-6.50217e-13
-8.18603e-13
-8.20539e-13
-6.1358e-13
-2.30414e-13
-1.99349e-13
-2.32261e-13
-3.3402e-13
-7.05736e-14
2.44209e-13
4.11752e-13
4.75091e-13
6.0563e-13
4.32652e-13
-2.85319e-14
-2.22944e-13
-3.3621e-13
-3.58098e-13
-3.59245e-13
-5.04048e-13
-7.37705e-13
-8.38205e-13
-8.69455e-13
-8.27581e-13
-4.67023e-13
-1.77726e-13
3.80122e-14
1.26825e-13
2.56411e-13
4.22257e-13
4.58484e-13
5.97305e-13
7.52747e-13
4.60639e-13
-5.35764e-14
-3.76375e-13
-3.67445e-13
-3.31866e-13
-4.88253e-13
-6.70809e-13
-8.52966e-13
-7.49135e-13
-7.78216e-13
-7.00822e-13
-5.38214e-13
-3.19906e-13
-3.99788e-14
3.31914e-13
2.56198e-13
2.02757e-13
3.26647e-13
6.04417e-13
7.6374e-13
5.07695e-13
9.80594e-14
-2.70923e-13
-3.12998e-13
-2.19777e-13
-3.66963e-13
-6.88929e-13
-7.77607e-13
-7.30622e-13
-5.62097e-13
-3.74326e-13
-3.32571e-13
-4.89659e-13
-4.93086e-13
-2.52584e-13
-2.37608e-13
-1.94308e-13
2.23633e-13
6.02999e-13
8.43322e-13
6.94017e-13
3.62372e-13
1.54791e-13
7.81111e-14
1.13979e-13
5.03125e-14
-3.03723e-13
-5.90809e-13
-7.02597e-13
-1.83226e-13
1.39633e-13
1.46254e-13
-1.70079e-13
-4.93132e-13
-7.31044e-13
-8.33569e-13
-5.27177e-13
2.23849e-13
6.93952e-13
9.22743e-13
8.66309e-13
6.71947e-13
7.1042e-13
5.82109e-13
4.3563e-13
3.64549e-13
-8.33499e-15
-3.89811e-13
-4.90602e-13
2.17508e-13
6.15321e-13
6.45325e-13
2.34475e-13
-2.50856e-13
-7.3794e-13
-9.74615e-13
-7.32782e-13
-5.34177e-14
4.08167e-13
6.89187e-13
8.22359e-13
1.02068e-12
1.31766e-12
1.15787e-12
8.4432e-13
5.81839e-13
1.96015e-13
-1.81107e-13
-1.95051e-13
4.7916e-13
7.92941e-13
7.50766e-13
3.3484e-13
-5.05891e-14
-4.43808e-13
-7.41798e-13
-7.00043e-13
-3.79488e-13
5.70504e-14
3.7028e-13
7.24196e-13
1.13677e-12
1.56774e-12
1.55253e-12
1.23588e-12
8.40286e-13
3.82779e-13
2.05152e-13
1.69426e-13
5.54724e-13
7.36617e-13
5.6851e-13
2.27995e-13
6.14914e-15
-2.81116e-13
-5.15401e-13
-5.35284e-13
-2.7239e-13
1.22156e-13
5.58713e-13
9.12987e-13
1.23303e-12
1.62265e-12
1.80243e-12
1.63787e-12
1.26088e-12
7.30482e-13
2.76518e-13
2.70301e-13
3.25274e-13
3.54686e-13
3.02321e-13
1.4267e-13
4.09029e-15
-1.86335e-13
-4.04724e-13
-3.09439e-13
1.84373e-13
7.22152e-13
1.15559e-12
1.30481e-12
1.5029e-12
1.81338e-12
2.00922e-12
1.74545e-12
1.42993e-12
8.52482e-13
2.23764e-13
2.20964e-13
1.93831e-13
2.00839e-13
1.25668e-13
-2.8764e-14
1.47471e-13
1.80383e-13
3.36634e-14
2.34195e-13
7.6072e-13
1.20956e-12
1.37665e-12
1.58041e-12
1.75061e-12
1.85422e-12
1.92538e-12
1.67461e-12
1.24689e-12
5.23074e-13
1.14936e-14
6.35044e-14
-4.53351e-13
-4.0496e-13
-4.85706e-13
-5.82081e-13
-2.382e-13
-7.24018e-14
-1.97961e-13
-1.66875e-13
2.4395e-13
5.6623e-13
5.98126e-13
1.03407e-12
1.46466e-12
1.55303e-12
1.35732e-12
8.1561e-13
1.73352e-13
-5.7669e-13
-8.05541e-13
-5.95752e-13
-5.14237e-13
-3.62222e-13
-2.72889e-13
-3.20936e-13
-2.54635e-15
1.27505e-13
1.59211e-14
-1.71384e-14
2.29473e-13
4.70608e-13
6.29891e-13
1.03045e-12
1.30981e-12
1.32287e-12
1.10872e-12
6.25625e-13
-8.81996e-14
-8.44507e-13
-9.2628e-13
-6.81006e-13
-1.34887e-13
-5.44698e-14
3.55558e-14
1.84099e-13
3.82183e-13
3.64226e-13
3.22386e-13
1.91249e-13
2.6095e-13
3.65815e-13
5.4555e-13
6.9108e-13
7.39372e-13
8.41972e-13
7.54706e-13
4.16316e-13
-1.60054e-14
-4.24067e-13
-5.20595e-13
-3.23372e-13
3.72006e-13
5.29751e-13
6.83424e-13
6.61989e-13
5.82548e-13
6.23777e-13
6.20378e-13
4.448e-13
2.99285e-13
1.1562e-13
1.72269e-13
2.14295e-13
2.59786e-13
3.10856e-13
2.449e-13
1.1553e-13
1.0679e-13
1.97188e-13
1.38651e-13
1.80405e-13
7.47976e-13
9.48968e-13
1.07726e-12
8.93671e-13
6.36533e-13
5.9837e-13
5.49381e-13
2.92835e-13
-2.73694e-14
-3.06919e-13
-2.94496e-13
-2.24021e-13
-1.54831e-13
-1.65244e-13
-2.08015e-13
-1.77117e-13
4.00465e-14
3.81301e-13
4.68588e-13
5.91952e-13
6.60136e-13
8.3681e-13
8.74438e-13
5.19523e-13
1.75217e-13
1.66503e-14
-1.68217e-13
-3.70685e-13
-4.41427e-13
-6.27359e-13
-5.81575e-13
-4.10409e-13
-4.06414e-13
-3.53826e-13
-3.74678e-13
-3.53418e-13
-6.3892e-14
2.10891e-13
2.92239e-13
5.26228e-13
8.7113e-14
3.54751e-13
3.07849e-13
-1.51805e-13
-5.04743e-13
-5.49543e-13
-6.82733e-13
-8.34337e-13
-7.12783e-13
-5.53839e-13
-4.80917e-13
-4.74749e-13
-4.65876e-13
-3.26702e-13
-2.76537e-13
-2.48544e-13
-5.78382e-14
2.05885e-13
9.33296e-14
-3.09619e-14
-3.28307e-13
-1.36099e-13
-1.72533e-13
-3.6433e-13
-5.42478e-13
-5.35476e-13
-6.18505e-13
-8.31062e-13
-6.77389e-13
-3.08809e-13
-1.40959e-13
-1.85584e-13
-1.07286e-13
-3.13982e-14
-7.46056e-14
-9.86973e-14
7.80514e-14
2.76856e-13
1.34382e-13
-2.28024e-13
-3.72253e-13
-3.3186e-13
-2.30062e-13
-1.82192e-13
-2.43709e-13
-2.89711e-13
-3.83036e-13
-4.72977e-13
-3.14358e-13
-8.15331e-14
1.63122e-13
2.17784e-13
2.31267e-13
-7.45315e-14
-2.9984e-13
-3.30232e-13
-1.66799e-13
-4.36588e-14
-1.31718e-13
-3.95239e-13
-4.6496e-13
-2.41551e-13
-1.0554e-13
-1.63636e-13
-2.15688e-13
-2.62574e-13
-1.68547e-13
2.48892e-14
1.40281e-13
2.44109e-13
3.19845e-13
2.40162e-13
-2.52529e-14
-4.92912e-13
-7.55329e-13
-7.88557e-13
-6.82612e-13
-5.48881e-13
-4.56601e-13
-6.02401e-13
-6.40828e-13
-3.3187e-13
-6.52634e-14
-5.87356e-14
-9.26396e-14
-5.59965e-14
1.04343e-13
3.95144e-13
5.16396e-13
5.01425e-13
4.68157e-13
1.93338e-13
-2.7201e-13
-5.83184e-13
-7.0442e-13
-7.83097e-13
-8.43289e-13
-8.08442e-13
-7.27469e-13
-6.98485e-13
-6.07896e-13
-5.31092e-13
-2.11164e-13
1.47929e-14
8.13789e-14
2.16698e-13
3.62309e-13
5.4031e-13
6.67929e-13
7.54405e-13
7.08793e-13
2.79716e-13
-3.76817e-13
-6.36006e-13
-6.02229e-13
-5.74981e-13
-8.15349e-13
-9.52817e-13
-9.04679e-13
-6.36855e-13
-4.31659e-13
-4.41642e-13
-2.41804e-13
-1.48023e-13
-4.2661e-15
3.6089e-13
3.87695e-13
4.63144e-13
7.14746e-13
9.68344e-13
9.3663e-13
4.50693e-13
-1.86481e-13
-6.00404e-13
-5.4404e-13
-5.1901e-13
-7.48857e-13
-9.438e-13
-7.53972e-13
-4.44544e-13
-2.83408e-13
-1.68096e-13
-1.3958e-13
-2.8959e-13
-1.64494e-13
1.60197e-13
1.3803e-13
2.57882e-13
7.33257e-13
1.06495e-12
9.98879e-13
5.21799e-13
4.79138e-14
-1.89901e-13
-2.35252e-13
-3.45621e-13
-5.40092e-13
-7.35638e-13
-5.75781e-13
-4.04476e-13
-1.52188e-13
9.05403e-14
9.69541e-14
-2.49123e-14
-6.9063e-14
-8.51562e-14
-2.26237e-13
4.13289e-14
5.94427e-13
9.0117e-13
8.34711e-13
5.55562e-13
3.97917e-13
4.55489e-13
2.0445e-13
-1.20244e-13
-1.99153e-13
-5.01556e-13
-5.67803e-13
-4.53471e-13
5.93226e-14
2.8556e-13
3.17722e-13
2.35308e-13
1.23996e-13
-2.30022e-13
-3.31471e-13
-6.93211e-14
2.51421e-13
3.65648e-13
4.86651e-13
5.61457e-13
7.50602e-13
1.07381e-12
8.32933e-13
3.55516e-13
9.36892e-14
-2.01332e-13
-3.45682e-13
-2.99739e-13
2.79312e-13
4.797e-13
4.50122e-13
3.54879e-13
1.75446e-13
-1.974e-13
-3.09096e-13
-1.01177e-13
-7.37306e-15
5.52117e-14
1.93347e-13
5.07974e-13
9.55405e-13
1.39854e-12
1.36458e-12
9.14955e-13
5.46867e-13
3.02177e-13
1.95497e-13
7.43569e-14
3.10676e-13
4.38579e-13
2.93249e-13
6.77615e-14
-9.04281e-15
-2.21874e-13
-3.88232e-13
-1.88852e-13
4.176e-14
9.41057e-14
2.24088e-13
5.99057e-13
1.08123e-12
1.45406e-12
1.54811e-12
1.3084e-12
1.03401e-12
7.41865e-13
4.29107e-13
2.36465e-13
-3.28515e-14
4.63813e-14
-8.12124e-15
-1.40637e-13
-1.84397e-13
-3.4616e-13
-5.30526e-13
-2.13105e-13
2.4415e-13
4.91812e-13
6.41273e-13
8.33087e-13
1.24155e-12
1.55723e-12
1.59951e-12
1.25396e-12
1.00441e-12
6.22951e-13
1.10679e-13
-2.78699e-14
-2.38119e-13
-1.94144e-13
-2.52383e-13
-4.47378e-13
-2.36024e-13
-2.57031e-13
-3.75257e-13
-1.57578e-13
3.22995e-13
6.36265e-13
6.86035e-13
9.58994e-13
1.34888e-12
1.56237e-12
1.42801e-12
1.00375e-12
6.06586e-13
1.22614e-13
-3.09029e-13
-3.15903e-13
-7.83346e-13
-4.91968e-13
-5.22352e-13
-7.5631e-13
-5.94312e-13
-6.11493e-13
-7.37676e-13
-6.63131e-13
-3.38528e-13
-1.32021e-13
6.85293e-16
3.08062e-13
8.38862e-13
1.00079e-12
6.48555e-13
1.86048e-13
-4.22685e-13
-1.14766e-12
-1.3118e-12
-1.01513e-12
-7.62984e-13
-5.52947e-13
-4.59608e-13
-4.5205e-13
-2.97322e-13
-3.19541e-13
-5.61945e-13
-7.05257e-13
-3.94778e-13
-1.16212e-13
1.59888e-13
4.58443e-13
6.86726e-13
6.12173e-13
3.72328e-13
4.88606e-15
-6.94353e-13
-1.31728e-12
-1.35974e-12
-1.04375e-12
-3.54108e-13
-1.82029e-13
-4.23865e-14
1.77312e-13
3.43709e-13
2.63914e-13
-4.92092e-14
-4.49369e-13
-2.70365e-13
5.36514e-14
2.53529e-13
3.21062e-13
2.61845e-13
1.9705e-13
9.51302e-14
-2.85681e-13
-7.79395e-13
-1.07527e-12
-9.7727e-13
-6.94449e-13
1.4545e-13
3.88404e-13
5.87718e-13
6.75356e-13
7.39409e-13
7.16122e-13
5.12376e-13
1.44273e-13
-2.65448e-14
-2.85355e-14
-1.51254e-14
1.82925e-15
-4.52095e-14
8.57538e-15
-1.90353e-13
-5.498e-13
-6.22394e-13
-5.16851e-13
-4.24148e-13
-2.42126e-13
5.36373e-13
7.97378e-13
9.34126e-13
9.59622e-13
9.21165e-13
8.75194e-13
6.20918e-13
2.40783e-13
-1.18381e-13
-3.31321e-13
-4.47219e-13
-4.49011e-13
-3.35908e-13
-2.32489e-13
-3.97995e-13
-6.7095e-13
-5.22722e-13
-1.81359e-13
4.95361e-14
2.17234e-13
5.45281e-13
8.02358e-13
1.02958e-12
8.70726e-13
5.68289e-13
3.38468e-13
1.40959e-13
-6.15191e-14
-3.0715e-13
-5.17122e-13
-5.05731e-13
-5.80958e-13
-5.77291e-13
-4.14345e-13
-4.83488e-13
-5.90193e-13
-2.77532e-13
-2.19655e-14
7.48419e-14
3.1858e-13
2.21549e-13
5.15401e-13
6.3015e-13
3.92155e-13
9.10525e-14
-8.65166e-14
-1.55839e-13
-2.3443e-13
-2.64911e-13
-2.78899e-13
-2.10904e-13
-3.75105e-13
-5.15145e-13
-4.20724e-13
-3.54595e-13
-3.5833e-13
-1.87131e-13
2.60014e-14
-7.8525e-15
4.95802e-14
3.84287e-14
1.17086e-13
1.26688e-13
5.47903e-14
-1.33575e-13
-2.19671e-13
-1.44155e-13
-1.4934e-13
-1.36976e-13
1.44941e-15
3.05967e-14
-1.58199e-13
-2.36294e-13
-2.54981e-13
-1.45501e-13
2.13334e-14
4.32527e-14
2.12708e-13
2.03348e-13
1.06662e-15
-3.74415e-14
-2.00933e-13
-1.46041e-13
4.65431e-14
-3.36422e-14
-1.59546e-13
-9.2355e-14
3.9533e-14
1.46125e-14
5.29883e-14
2.36408e-13
1.74797e-13
7.06423e-14
-3.33372e-13
-4.21767e-13
-2.86129e-13
-1.51711e-13
5.61082e-14
8.09689e-14
-3.12885e-14
-2.22708e-13
-2.5249e-13
-1.32636e-13
1.3161e-14
3.92048e-14
9.5293e-15
8.48741e-14
2.3967e-13
2.01943e-13
8.36164e-14
2.24803e-13
1.73351e-13
-1.34889e-13
-6.38645e-13
-8.81304e-13
-8.98511e-13
-8.18083e-13
-5.39808e-13
-2.87332e-13
-2.0134e-13
-3.50668e-13
-2.55e-13
-4.97253e-14
-5.20677e-14
-8.25611e-15
5.49522e-14
1.48846e-13
4.06607e-13
4.38959e-13
3.18796e-13
3.59739e-13
9.76312e-14
-4.56353e-13
-9.08766e-13
-1.04303e-12
-1.1367e-12
-1.16111e-12
-1.00298e-12
-7.65557e-13
-4.76843e-13
-3.5734e-13
-1.68498e-13
-2.09661e-14
4.63654e-15
2.69235e-14
1.09186e-13
2.63072e-13
5.42397e-13
6.63425e-13
6.28939e-13
6.00376e-13
5.43576e-14
-7.15435e-13
-9.82116e-13
-8.43086e-13
-7.89568e-13
-1.03802e-12
-1.19359e-12
-1.02493e-12
-6.09858e-13
-2.20757e-13
-1.11636e-13
-2.56635e-14
7.87014e-14
7.3003e-14
2.40369e-13
4.42692e-13
6.75575e-13
8.36294e-13
9.31822e-13
8.18201e-13
1.7065e-13
-6.27543e-13
-8.54364e-13
-6.72972e-13
-5.91589e-13
-9.21704e-13
-1.16362e-12
-8.05804e-13
-4.48634e-13
-1.67837e-13
2.31862e-15
4.30198e-14
1.40417e-13
2.13819e-13
3.03365e-13
3.64521e-13
5.67872e-13
9.04107e-13
1.10785e-12
8.41704e-13
2.24276e-13
-3.24366e-13
-5.81616e-13
-5.41361e-13
-5.5896e-13
-9.06951e-13
-9.93198e-13
-5.94331e-13
-3.46252e-13
-9.28253e-14
1.22515e-13
1.45214e-13
2.37576e-13
2.8641e-13
2.70503e-13
3.02934e-13
4.70768e-13
7.25345e-13
7.90089e-13
5.60942e-13
9.23855e-14
-1.36091e-13
-2.915e-13
-3.6113e-13
-5.26001e-13
-7.55861e-13
-7.09448e-13
-4.867e-13
-3.33172e-13
3.15053e-14
2.46532e-13
2.6416e-13
3.00539e-13
2.74655e-13
1.87392e-13
3.361e-13
4.47699e-13
4.38156e-13
2.85057e-13
1.95519e-13
7.60357e-14
9.90416e-14
2.73385e-13
2.1862e-13
-8.10068e-14
-3.69216e-13
-4.15646e-13
-3.65736e-13
-3.01427e-13
-3.75373e-14
1.29539e-13
2.29187e-13
3.79628e-13
2.81992e-13
1.75872e-13
4.14715e-13
5.00376e-13
3.08835e-13
5.81863e-14
-9.97362e-14
2.44916e-14
4.10791e-13
7.84387e-13
8.21475e-13
4.56069e-13
9.72397e-14
-1.22706e-13
-1.32396e-13
-1.13702e-13
-1.40098e-13
-8.85117e-14
-9.65682e-14
-3.75895e-14
7.05528e-14
-2.1751e-14
1.73265e-13
3.39373e-13
2.78817e-13
5.0583e-14
-2.43113e-13
3.92969e-14
5.36227e-13
9.0219e-13
9.13763e-13
6.68322e-13
4.54491e-13
2.07781e-13
-5.95813e-14
-1.56041e-13
-4.94152e-13
-3.72383e-13
-3.76405e-13
-3.81623e-13
-3.08207e-13
-3.82792e-13
-3.02778e-13
-4.54291e-14
8.54231e-14
8.91062e-14
-1.41504e-13
1.21006e-13
6.17783e-13
9.79609e-13
9.35117e-13
6.32099e-13
3.98877e-13
1.40748e-14
-4.7476e-13
-5.09719e-13
-6.76317e-13
-4.41417e-13
-4.41657e-13
-5.59352e-13
-5.34739e-13
-6.19809e-13
-6.79714e-13
-4.8487e-13
-1.78576e-13
-7.17896e-14
-1.35748e-13
1.31679e-13
7.20378e-13
1.06946e-12
8.46077e-13
3.64079e-13
-1.44889e-14
-6.06167e-13
-8.55395e-13
-7.7331e-13
