5.64692e-16
3.62655e-15
1.96197e-15
-2.80787e-15
-5.25744e-15
-3.29477e-15
-1.66774e-15
-3.18288e-15
-4.34054e-15
-5.41096e-15
-5.07507e-15
-3.10772e-15
-1.84793e-15
-1.02856e-15
-1.97983e-15
-3.65097e-15
-6.49809e-15
-1.1074e-14
-1.02997e-14
-3.78526e-15
-2.95143e-15
7.58332e-16
2.06481e-15
-1.58953e-15
-5.23872e-15
-1.04144e-15
-4.7857e-16
-3.63309e-15
-2.32453e-15
-1.55625e-15
1.12589e-16
-6.72417e-16
-4.44779e-15
-7.20234e-16
-2.86036e-16
1.01055e-16
-1.5646e-15
-5.09848e-15
-6.95411e-15
-4.79219e-15
-9.81777e-16
-4.10018e-15
-5.5935e-15
-1.09955e-15
-1.85798e-17
4.23844e-15
4.41706e-15
2.9482e-15
2.26964e-15
2.25446e-16
-2.48393e-15
-6.31882e-16
-2.0677e-15
-2.49353e-15
-2.7025e-15
5.15541e-16
-4.18352e-16
2.94917e-16
1.17571e-15
-1.64006e-15
-5.16169e-16
-3.92369e-15
-5.36101e-15
2.32937e-15
9.24277e-15
1.20762e-14
1.07822e-14
8.03428e-15
5.48561e-15
2.61502e-15
-3.89584e-16
-2.41815e-16
-1.53484e-15
-4.87703e-15
-8.38547e-15
-5.12305e-15
-4.04207e-15
7.96774e-16
1.74568e-15
-1.41668e-15
-4.8853e-16
-1.1217e-15
-8.52067e-16
6.53509e-15
1.07935e-14
1.03251e-14
1.14946e-14
7.655e-15
3.93672e-15
2.44855e-15
1.53345e-16
-4.84847e-15
-7.65866e-15
-6.7752e-15
-1.00669e-14
-8.05249e-15
-3.9111e-15
1.91879e-15
2.67296e-15
-5.17658e-16
5.49177e-15
2.85713e-15
4.9721e-15
8.15684e-15
6.50006e-15
1.55382e-15
1.71644e-15
3.77625e-15
1.92412e-15
4.70652e-15
7.63939e-15
1.90993e-15
7.08703e-16
-1.53163e-15
-7.15552e-15
-7.81714e-15
-1.14765e-15
3.64852e-15
7.7345e-15
8.53534e-15
9.34362e-15
5.4454e-15
5.2122e-15
5.31694e-15
1.91389e-15
-6.4309e-16
-2.8266e-15
2.02183e-16
1.84421e-15
6.15793e-15
1.45845e-14
1.47743e-14
1.01922e-14
4.63617e-15
-2.02197e-16
-3.28724e-16
6.20592e-16
3.65298e-15
9.91145e-15
1.24469e-14
5.86064e-15
3.16667e-15
2.1321e-15
2.14586e-15
-1.70589e-15
-2.34463e-15
-3.73101e-15
-3.82457e-15
-5.45887e-16
6.73847e-15
1.78467e-14
2.09453e-14
1.56577e-14
8.95736e-15
4.24798e-15
3.41641e-15
5.61969e-15
4.71737e-15
7.2918e-15
7.93593e-15
2.39933e-15
4.418e-15
7.38641e-15
6.96683e-15
6.30202e-16
-2.0679e-15
-2.43093e-15
-2.27796e-15
-2.35587e-15
3.0294e-15
1.14919e-14
1.16902e-14
1.11409e-14
5.97749e-15
2.3603e-15
6.98577e-15
1.0195e-14
9.3177e-15
3.65006e-15
1.34684e-15
-2.13908e-15
4.27942e-15
9.81495e-15
1.15765e-14
8.43554e-15
6.3864e-15
2.52251e-15
-3.83231e-15
-5.22964e-15
-2.63186e-15
2.30761e-15
4.46027e-16
-1.19528e-15
-2.78243e-15
-3.11566e-15
2.53625e-15
6.3761e-15
7.08822e-15
1.90345e-15
-3.46032e-15
7.75701e-16
5.49129e-15
9.73131e-15
1.20888e-14
1.53765e-14
1.56248e-14
3.98059e-15
-4.93465e-15
-7.22904e-15
-5.10202e-15
-3.11204e-15
-7.28773e-15
-1.01131e-14
-1.12526e-14
-9.05673e-15
-4.21583e-15
7.70973e-17
1.40645e-15
-2.81182e-15
-4.31489e-15
3.89141e-15
6.64361e-15
8.48947e-15
1.28283e-14
1.61154e-14
1.00283e-14
-4.28597e-16
-6.19495e-15
-7.51607e-15
-8.74834e-15
-8.50399e-15
-1.04924e-14
-1.2359e-14
-1.42035e-14
-1.15959e-14
-8.85061e-15
-7.23404e-16
1.88621e-15
-4.15234e-15
-5.17987e-15
5.99089e-15
4.16794e-15
3.87013e-15
9.16145e-15
7.20886e-15
3.44675e-15
1.48268e-15
-5.28544e-15
-1.03335e-14
-7.67727e-15
-5.81693e-15
-4.20301e-15
-4.39398e-15
-6.56582e-15
-5.9676e-15
-5.89972e-15
7.85172e-16
2.81696e-15
-1.63672e-15
-1.25266e-15
1.2393e-15
2.03507e-15
-1.28679e-16
-1.84612e-16
7.41915e-16
2.68263e-15
8.62852e-16
-1.53871e-15
-2.4402e-15
4.30027e-16
7.80345e-18
2.07682e-15
4.07105e-15
2.90913e-15
5.12485e-15
5.05869e-15
1.0728e-17
-2.04161e-15
-7.22532e-16
-1.16572e-15
1.64402e-15
-1.08987e-15
-5.9184e-15
-5.07549e-15
-2.60762e-16
3.14861e-15
3.81013e-16
1.77884e-15
1.75754e-15
1.50082e-15
-6.32394e-16
3.39512e-15
4.25324e-15
7.00696e-15
8.26756e-15
7.68894e-15
3.08316e-15
-3.43804e-15
-2.09952e-15
-2.16683e-16
3.9313e-15
-2.42035e-15
-7.29427e-15
-7.85919e-15
-7.41592e-15
-6.80477e-16
5.45842e-15
5.09814e-15
-1.04267e-17
-2.17699e-15
-8.87235e-16
-2.1288e-15
-2.10284e-15
5.11029e-15
7.29301e-15
2.86607e-15
-9.10546e-16
-5.27415e-15
-2.16738e-15
2.51973e-15
5.96964e-15
-1.11709e-16
-4.905e-15
-5.55148e-15
-6.59785e-15
-1.75964e-15
7.26788e-15
5.67571e-15
-5.27059e-16
-4.93285e-15
-6.90071e-15
-1.01756e-14
-9.88253e-15
-4.77293e-15
-7.70903e-17
-5.27662e-15
-9.44963e-15
-8.08477e-15
-4.13732e-15
2.11166e-15
9.3173e-15
6.9613e-15
3.55296e-16
-4.08444e-15
-4.65016e-15
-2.46098e-16
3.44184e-15
1.58708e-15
-2.5337e-15
-9.21176e-15
-1.5861e-14
-1.54298e-14
-1.37135e-14
-9.87406e-15
-6.19313e-15
-8.66798e-15
-1.16666e-14
-1.10782e-14
-8.3143e-15
1.95149e-15
9.68818e-15
9.02579e-15
3.8907e-15
-1.69406e-15
-6.02971e-15
-3.45613e-15
-2.79498e-16
-3.98828e-16
-5.94825e-15
-1.05193e-14
-1.29625e-14
-1.32878e-14
-1.33721e-14
-8.69911e-15
-6.7249e-15
-8.7699e-15
-1.12828e-14
-1.19604e-14
-1.07097e-14
-7.31495e-16
7.18266e-15
6.4546e-15
2.08361e-15
6.12715e-16
-4.20372e-15
-2.06762e-15
-9.72729e-16
1.35306e-15
-6.00333e-15
-1.02959e-14
-7.9657e-15
-7.00995e-15
-6.63992e-15
-3.92455e-15
-3.40376e-15
-5.50758e-15
-1.03511e-14
-1.30628e-14
-1.1751e-14
-2.22199e-15
9.40145e-15
6.36323e-15
4.06104e-15
5.94198e-15
5.20688e-15
3.6367e-15
7.86881e-16
-2.58946e-15
-3.80641e-15
-2.7422e-15
-1.55701e-15
-6.21987e-16
-3.8872e-16
1.6958e-15
-2.9336e-16
-8.1962e-16
-3.12479e-15
-6.59721e-15
-3.75369e-15
3.65746e-15
4.50363e-15
3.53177e-15
3.0764e-15
5.3625e-15
3.24467e-15
5.01774e-15
3.29495e-15
2.04369e-15
-5.05427e-17
-9.07125e-16
9.73398e-16
2.38277e-15
-6.4408e-16
4.6538e-15
1.81105e-15
8.3087e-16
1.03249e-15
-2.61272e-15
-8.37898e-16
3.68807e-15
4.55639e-15
-8.07383e-16
-8.44756e-16
3.90822e-15
3.44473e-15
7.25387e-15
8.55344e-15
8.46323e-15
7.2393e-15
2.27126e-15
-6.31555e-16
1.20849e-15
5.80711e-16
3.12938e-15
6.7549e-16
5.3879e-16
1.91637e-15
1.69757e-15
1.51672e-15
5.51015e-15
2.86986e-15
1.01749e-15
4.38376e-16
5.38953e-15
9.27083e-15
1.17216e-14
1.17877e-14
8.33684e-15
6.36462e-15
1.82316e-15
-1.79632e-15
-8.69513e-16
-4.51214e-16
-3.55206e-15
-4.84699e-15
-6.43771e-16
-9.47021e-16
3.04611e-15
5.92159e-15
4.12486e-15
2.75349e-15
4.81634e-15
3.27214e-15
6.6013e-15
1.03631e-14
1.11714e-14
1.2847e-14
7.97511e-15
1.55603e-15
-2.42984e-15
-1.8987e-15
-5.45362e-15
-5.38788e-15
-5.30728e-15
-5.06403e-15
-1.93135e-16
3.573e-15
6.73414e-15
6.9453e-15
5.40947e-15
1.02033e-14
1.01562e-14
8.36424e-15
8.67929e-15
6.17312e-15
5.45091e-15
8.50903e-15
5.47349e-15
2.66771e-15
2.47367e-15
2.98351e-15
-1.2183e-15
6.21998e-17
4.65229e-16
-3.17664e-15
-8.95117e-16
6.97764e-15
9.79375e-15
8.28148e-15
1.0241e-14
1.53481e-14
1.22496e-14
7.99053e-15
6.17008e-15
2.21703e-15
2.01609e-15
2.64681e-15
2.60544e-15
2.39692e-15
6.33937e-15
9.73412e-15
1.01546e-14
9.04865e-15
5.04173e-15
3.86425e-15
3.59697e-15
7.6883e-15
9.58964e-15
1.10745e-14
1.54841e-14
1.00702e-14
7.78848e-15
5.93982e-15
3.2837e-15
5.10819e-16
1.29348e-15
2.97076e-16
-6.52817e-16
2.89074e-15
7.83392e-15
1.45302e-14
1.66418e-14
1.3367e-14
8.68917e-15
5.52169e-15
7.65252e-15
7.61554e-15
7.03146e-15
1.10526e-14
1.38487e-14
2.47942e-15
3.06594e-15
5.24952e-15
4.30775e-15
2.44654e-15
3.12182e-15
1.87502e-15
-1.04476e-15
-1.04637e-15
4.20183e-15
1.0059e-14
8.81965e-15
7.44833e-15
5.1915e-15
2.76443e-15
5.87803e-15
9.26859e-15
8.07497e-15
4.5084e-15
3.09911e-15
-4.86536e-15
-4.13946e-16
4.16502e-15
6.72448e-15
9.02098e-15
1.05383e-14
5.4967e-15
-2.06341e-15
-7.21284e-15
-3.99033e-15
1.47383e-15
-3.40606e-15
-6.88047e-15
-5.2357e-15
-2.21437e-15
2.13706e-15
5.22002e-15
1.9066e-15
-3.51031e-15
-4.39708e-15
-3.80451e-15
6.7033e-16
5.6243e-15
8.82018e-15
1.28126e-14
1.39818e-14
3.03161e-15
-3.71412e-15
-6.21226e-15
-7.34804e-15
-7.46439e-15
-1.11696e-14
-1.55411e-14
-1.63635e-14
-1.12486e-14
-5.19522e-15
-1.01505e-16
-2.51721e-15
-2.50421e-15
-3.54388e-15
-4.70068e-18
1.27762e-15
3.71861e-15
6.46128e-15
7.85874e-15
9.28585e-15
1.80107e-15
-3.57595e-15
-5.81605e-15
-8.50543e-15
-9.91642e-15
-1.13551e-14
-1.42627e-14
-1.69515e-14
-1.48212e-14
-1.09221e-14
-1.2291e-15
5.4625e-16
-1.95269e-15
-2.20758e-15
3.00336e-15
2.50477e-15
-7.5804e-16
-2.73463e-15
-2.66807e-15
3.03676e-15
1.73557e-15
-3.0766e-15
-6.62371e-15
-6.79653e-15
-6.49246e-15
-5.76327e-15
-6.02373e-15
-7.68602e-15
-8.28656e-15
-7.72552e-15
-3.00479e-15
-7.61158e-16
1.40428e-15
1.84977e-15
2.04447e-15
1.4944e-15
-2.76519e-15
-7.43823e-15
-7.07563e-15
-1.77767e-15
2.12335e-15
-4.4473e-16
-1.04819e-15
-8.42632e-16
-2.34766e-15
1.79586e-16
3.13952e-15
1.09154e-15
2.64186e-16
-2.15586e-16
-2.07315e-15
-1.7492e-15
1.29343e-15
3.23542e-15
1.70294e-15
-2.24216e-15
-7.45035e-15
-9.54866e-15
-7.01904e-15
6.0396e-17
1.77997e-15
-3.5013e-17
-1.82286e-16
-6.74458e-16
-3.11454e-15
1.93068e-15
7.42358e-15
6.83065e-15
7.91901e-15
6.32755e-15
2.01985e-15
-2.1937e-15
-1.94387e-16
1.79886e-15
4.67335e-15
-1.57491e-15
-7.92047e-15
-1.26737e-14
-1.23809e-14
-3.64224e-15
8.0644e-16
3.40926e-16
-3.48407e-15
-6.87673e-15
-6.38154e-15
-2.18337e-15
-1.28273e-15
2.5682e-15
6.67053e-15
4.49828e-15
-1.4735e-15
-5.59741e-15
-7.1478e-16
4.67996e-15
8.07947e-15
1.83071e-15
-6.00497e-15
-1.16355e-14
-1.33928e-14
-8.61686e-15
-2.32033e-15
1.69211e-15
-3.95661e-15
-1.15927e-14
-1.25227e-14
-1.39851e-14
-1.34537e-14
-8.90847e-15
-2.93173e-15
-2.84894e-15
-6.97291e-15
-7.48586e-15
-3.74109e-15
5.65714e-15
1.03851e-14
8.62448e-15
1.44212e-15
-6.51734e-15
-1.17282e-14
-9.48675e-15
-4.64908e-15
-7.08842e-16
-5.44928e-15
-1.19561e-14
-1.64467e-14
-1.83914e-14
-1.78859e-14
-1.64909e-14
-1.15013e-14
-9.99102e-15
-1.24953e-14
-1.01155e-14
-4.50561e-15
5.47616e-15
1.08771e-14
1.21708e-14
7.50767e-15
-1.93783e-16
-4.0509e-15
-3.4632e-15
-3.81376e-15
-2.9221e-15
-5.24448e-15
-1.14672e-14
-1.53518e-14
-1.59396e-14
-1.55585e-14
-1.27206e-14
-7.66054e-15
-6.74047e-15
-1.03755e-14
-9.40365e-15
-7.27873e-16
6.0519e-15
1.06813e-14
9.79619e-15
4.01803e-15
1.13086e-15
1.37382e-15
1.92423e-15
3.15284e-16
-1.94251e-15
-5.37539e-15
-8.84461e-15
-9.70705e-15
-9.26214e-15
-7.40719e-15
-3.85745e-15
-2.22098e-15
-4.52715e-15
-6.94888e-15
-7.4877e-15
-3.17816e-15
3.44878e-15
1.01463e-14
1.02788e-14
5.74055e-15
4.46092e-15
3.73942e-15
6.03486e-15
4.50506e-15
1.75861e-15
1.43906e-15
9.68632e-16
2.43188e-15
4.75632e-15
7.45528e-15
1.03775e-14
7.39197e-15
3.77238e-15
-4.98976e-16
-1.88527e-15
7.2579e-16
5.72934e-15
4.34257e-15
1.43514e-15
1.07007e-15
2.08744e-15
1.12334e-15
5.59692e-15
7.42839e-15
5.65751e-15
2.63715e-15
2.4425e-15
4.31968e-15
6.1864e-15
4.67381e-15
8.52648e-15
8.32606e-15
4.33934e-15
-4.11298e-16
-1.80211e-16
1.94057e-15
4.98143e-15
2.20949e-15
-1.22422e-15
-4.15881e-15
-7.14749e-16
2.85122e-16
6.87929e-15
1.04152e-14
7.43111e-15
4.38268e-15
2.39928e-15
1.46273e-15
4.82812e-15
4.38717e-15
5.49855e-15
2.73156e-15
1.40457e-15
1.02659e-15
1.51089e-15
2.61531e-15
4.57725e-15
5.86944e-16
-1.0336e-15
-3.56976e-15
-8.35925e-16
2.20114e-15
5.04693e-15
7.01321e-15
4.49764e-15
-7.35574e-16
-5.64624e-15
-3.87954e-15
3.26049e-16
-1.31703e-15
-3.67473e-15
-2.36091e-15
2.02043e-15
3.17e-15
3.31873e-15
5.34348e-15
4.91655e-15
-1.34607e-15
-8.68439e-16
-2.96686e-15
-1.75131e-16
4.58599e-15
7.53192e-15
7.50497e-15
2.76788e-15
-5.59807e-15
-1.00273e-14
-5.57101e-15
-3.85886e-15
-3.79434e-15
-3.48977e-15
-3.01245e-15
1.38238e-16
2.21892e-15
4.93539e-15
7.68587e-15
3.61117e-15
5.73039e-15
4.73514e-15
5.6125e-16
3.80514e-15
5.83742e-15
7.32496e-15
6.15695e-15
-2.07998e-17
-5.2064e-15
-4.80519e-15
-3.82675e-15
-2.58038e-16
1.09023e-15
1.76239e-15
-1.56431e-15
-2.10525e-15
2.46475e-15
8.95047e-15
9.26961e-15
7.06673e-15
9.38468e-15
6.79658e-15
3.47902e-15
1.48277e-15
7.87247e-16
2.46156e-15
3.06759e-16
-4.81381e-15
-3.73711e-15
1.50214e-16
2.87303e-15
8.08169e-15
6.71581e-15
4.30318e-15
2.95293e-15
4.5446e-16
3.92239e-15
7.36347e-15
1.01943e-14
9.1895e-15
4.52806e-15
2.98556e-15
2.24116e-15
1.46824e-15
-7.82772e-16
-2.13423e-15
-2.16824e-15
-6.15938e-15
-3.03739e-15
3.58647e-15
8.38827e-15
1.18197e-14
8.5336e-15
6.03289e-15
6.09137e-15
4.04514e-15
3.70079e-15
7.29948e-15
1.07455e-14
8.7214e-15
-3.20551e-15
-4.03782e-15
-2.06119e-15
2.4967e-15
4.56474e-15
3.11046e-15
1.2492e-15
-2.8758e-15
-2.61944e-15
-4.67727e-16
5.36584e-15
6.64105e-15
4.32949e-15
2.38069e-15
5.86915e-16
2.39161e-15
4.25662e-15
3.41525e-15
4.63263e-15
1.94761e-15
-8.85419e-15
-7.12361e-15
-5.02629e-15
9.48522e-16
7.85256e-15
7.62636e-15
4.24942e-15
9.48585e-17
-2.47832e-15
-3.58653e-15
-3.19029e-16
-4.33279e-15
-9.08087e-15
-7.88222e-15
-5.6688e-15
-3.44273e-15
-1.75879e-15
-2.96673e-15
-4.87302e-15
-6.31242e-15
-7.79067e-15
-6.53767e-15
-2.53627e-15
9.9846e-16
6.25969e-15
8.04577e-15
5.52051e-15
4.52812e-16
-4.02868e-15
-8.02306e-15
-8.80331e-15
-1.06346e-14
-1.59289e-14
-1.90794e-14
-1.32973e-14
-8.1721e-15
-4.4038e-15
-1.84489e-15
-4.80108e-15
-5.75689e-15
-2.25845e-15
-6.03729e-15
-6.65441e-15
-3.7825e-15
1.81855e-15
5.57548e-15
3.44111e-15
-1.12973e-15
-3.26504e-15
-6.8858e-15
-9.7734e-15
-9.81595e-15
-1.29414e-14
-1.63426e-14
-1.12828e-14
-6.29657e-15
-3.23247e-15
-5.19156e-16
-1.13647e-15
-3.24165e-15
-8.30819e-16
-2.74946e-15
-6.5423e-15
-7.86389e-15
-5.73417e-15
-2.6751e-15
-4.69972e-16
-3.95874e-15
-4.59347e-15
-4.88968e-15
-3.12832e-15
-2.0552e-15
-5.36688e-15
-6.4145e-15
-6.25193e-15
-4.35095e-15
-8.07709e-16
6.11402e-16
1.63961e-15
1.98199e-15
1.86202e-15
7.60833e-16
-3.67536e-15
-8.23448e-15
-9.17073e-15
-7.43495e-15
-3.37735e-15
-4.25755e-15
-4.53398e-15
-2.54959e-15
1.38412e-15
5.58704e-15
4.6455e-15
2.29315e-15
1.13689e-15
3.19763e-15
2.54802e-15
2.32329e-15
4.33468e-15
6.1554e-15
-1.90753e-16
-1.81964e-15
-7.99111e-15
-1.25473e-14
-1.25259e-14
-8.55881e-15
-2.23991e-15
-2.97076e-15
-4.75468e-15
-2.04621e-15
1.17052e-15
4.22408e-15
5.02513e-15
7.17631e-15
9.23106e-15
9.4325e-15
4.29166e-15
1.02243e-15
4.19156e-17
2.48737e-15
4.17649e-15
2.16006e-15
-6.50576e-15
-1.41903e-14
-1.34992e-14
-7.92389e-15
-2.73001e-15
-3.35631e-15
-4.67189e-15
-5.12435e-15
-1.60629e-15
-2.26944e-15
-2.82028e-15
4.1587e-15
6.68972e-15
4.95958e-15
7.74824e-16
-2.96644e-15
-2.93525e-15
3.7081e-15
7.96157e-15
5.63508e-15
-1.89246e-15
-1.25433e-14
-1.47062e-14
-1.05678e-14
-9.1685e-15
-2.73547e-15
-5.66696e-15
-1.34196e-14
-1.38087e-14
-1.53968e-14
-1.03923e-14
-4.82563e-15
-3.03069e-15
-1.71568e-15
-3.30215e-15
-4.71554e-15
-1.99478e-15
4.34541e-15
9.51497e-15
7.64304e-15
1.72448e-15
-9.15834e-15
-1.32062e-14
-1.27196e-14
-1.19596e-14
-5.97211e-15
-7.78816e-15
-1.34829e-14
-1.66747e-14
-1.75614e-14
-1.29277e-14
-7.66983e-15
-6.79045e-15
-6.81383e-15
-9.37399e-15
-6.63043e-15
-1.62451e-15
3.69852e-15
1.08166e-14
1.07948e-14
6.18445e-15
-1.96699e-15
-3.81782e-15
-3.72875e-15
-5.79999e-15
-2.77231e-15
-5.04832e-15
-8.90432e-15
-1.13182e-14
-1.11841e-14
-6.96998e-15
-2.55358e-15
-1.02903e-15
-4.72654e-15
-8.53002e-15
-4.46563e-15
-5.34228e-17
5.51109e-15
9.79683e-15
1.05796e-14
6.52267e-15
1.67456e-17
-6.51809e-16
1.42407e-15
2.66656e-15
1.28417e-15
-9.25042e-16
-2.70851e-15
-5.34175e-15
-2.79426e-15
3.61033e-15
7.23616e-15
2.95983e-15
-7.88727e-16
-3.86466e-15
-2.28138e-15
-9.49211e-16
5.72907e-15
6.5064e-15
3.89146e-15
8.3572e-16
-2.14772e-15
-3.00144e-15
2.37296e-15
5.95742e-15
8.24403e-15
5.08163e-15
5.09516e-15
6.5158e-15
8.70599e-15
1.56962e-14
1.67482e-14
1.50078e-14
9.43466e-15
3.39402e-15
2.90032e-15
2.91808e-15
5.47588e-15
-2.83012e-17
-2.4024e-16
-2.83506e-15
-5.51572e-15
-6.57009e-15
-1.69664e-15
4.56325e-15
8.13065e-15
4.4014e-15
4.97914e-15
4.92289e-15
7.31946e-15
1.14822e-14
1.38514e-14
1.47678e-14
1.12555e-14
3.28837e-15
3.23091e-15
3.52707e-15
3.3879e-15
-1.71847e-15
-4.08677e-15
-8.35444e-15
-7.77836e-15
-5.12344e-15
1.09374e-16
2.69412e-15
3.51893e-15
-1.5668e-15
-3.19181e-15
-3.11855e-15
5.025e-15
7.98479e-15
9.52324e-15
8.25021e-15
6.19197e-15
3.24774e-15
7.82343e-16
-4.34589e-16
1.63919e-16
-6.34022e-15
-9.02812e-15
-1.08222e-14
-9.31909e-15
-4.1705e-15
1.47236e-15
7.06258e-17
-9.57111e-16
-6.47241e-15
-1.22466e-14
-1.04476e-14
-2.49904e-15
-8.2572e-16
-3.95221e-16
-1.14142e-15
-1.16505e-15
-2.81491e-15
-2.10152e-15
-1.99995e-15
-1.91187e-15
-6.13071e-15
-1.01512e-14
-1.1641e-14
-1.15574e-14
-4.83246e-15
3.05174e-16
-9.9662e-16
-4.35584e-15
-9.63757e-15
-1.31575e-14
-9.68511e-15
-5.89983e-15
-4.8126e-15
-5.57114e-15
-5.30652e-15
-5.62189e-15
-8.58984e-15
-3.03044e-15
1.23092e-15
-2.21853e-16
-4.649e-16
-5.81698e-15
-9.57947e-15
-8.73986e-15
-4.13863e-15
-2.97849e-17
-2.94751e-15
-6.70202e-15
-1.06367e-14
-8.672e-15
-6.9759e-15
-2.70206e-15
-1.26823e-15
-3.30479e-15
-4.46061e-15
-7.65157e-15
-6.03196e-15
2.27898e-16
3.30283e-15
3.17672e-15
-1.33486e-15
-4.34083e-15
-5.80322e-15
-7.16047e-15
-4.8003e-15
-3.34239e-15
-4.3606e-15
-8.72905e-15
-1.14837e-14
-4.54418e-15
-9.39266e-16
2.37892e-15
1.48904e-15
1.07184e-15
1.82766e-15
-1.26075e-15
1.99136e-16
3.47844e-15
5.62633e-15
2.00669e-15
-5.12423e-15
-5.25148e-15
-3.82662e-15
-5.19081e-15
-3.54364e-15
-3.54827e-15
-5.24898e-15
-1.1268e-14
-1.31472e-14
-5.22515e-15
1.47593e-15
6.16426e-15
5.1192e-15
5.54594e-15
6.32959e-15
3.1561e-15
1.12563e-15
2.98313e-15
5.1832e-15
2.76387e-16
-7.99091e-15
-9.14269e-15
-6.96182e-15
-1.23905e-15
3.94239e-15
2.46895e-15
-1.92242e-15
-7.02302e-15
-6.3359e-15
-5.07401e-15
-4.56162e-16
4.34028e-15
4.61489e-15
5.29563e-15
2.73139e-15
1.33005e-15
2.41571e-15
1.79836e-15
9.26769e-16
-2.28095e-15
-1.22637e-14
-1.2727e-14
-1.05195e-14
-2.94846e-15
3.21693e-15
2.90089e-15
2.05468e-15
-1.12613e-15
-3.30783e-15
-4.81029e-15
-3.87248e-15
-2.45443e-15
-4.53335e-15
-2.3596e-15
-4.44305e-15
-2.77576e-15
-1.10148e-15
-3.50786e-15
-5.10906e-15
-7.05727e-15
-1.14112e-14
-1.24176e-14
-9.06553e-15
-3.18126e-15
8.82527e-16
2.63366e-15
3.58039e-15
9.47746e-17
-7.11923e-15
-8.03007e-15
-8.00509e-15
-6.63064e-15
-9.96415e-15
-1.22841e-14
-1.17065e-14
-7.61983e-15
-5.32368e-15
-2.00903e-15
-6.35252e-15
-9.30705e-15
-3.68568e-15
-9.65448e-15
-1.1376e-14
-5.39024e-15
1.47789e-15
2.533e-15
2.78907e-15
8.56767e-16
-2.68424e-15
-5.54914e-15
-8.23368e-15
-6.99056e-15
-8.85392e-15
-1.34173e-14
-1.04769e-14
-7.19249e-15
-3.45189e-15
-5.17398e-16
-3.36234e-15
-3.67216e-15
-9.82347e-16
-4.50513e-15
-9.35207e-15
-9.21989e-15
-3.87073e-15
-3.03588e-15
2.92888e-16
1.30245e-15
2.73553e-16
-1.96058e-15
-1.27074e-15
5.10767e-16
2.94248e-16
2.56882e-16
-6.20633e-16
-8.41657e-16
-1.83791e-17
7.43599e-16
7.89204e-16
1.15395e-15
2.4718e-15
3.32893e-16
-5.83551e-15
-1.10594e-14
-9.74501e-15
-1.06387e-14
-4.00275e-15
-1.86379e-15
-2.19164e-15
-2.3104e-16
6.57332e-15
1.02938e-14
8.02931e-15
8.89158e-15
8.27158e-15
9.84274e-15
4.93628e-15
3.95811e-15
2.68614e-15
4.23566e-15
5.12742e-15
2.90827e-15
-6.32714e-15
-1.43197e-14
-1.47054e-14
-1.37905e-14
-4.68838e-15
-4.35292e-15
-2.15782e-15
3.41712e-15
6.50078e-15
8.18671e-15
7.47928e-15
1.11199e-14
1.44121e-14
1.24047e-14
7.2264e-15
4.50751e-15
1.87624e-15
3.7726e-15
7.6606e-15
5.4712e-15
-5.75279e-15
-1.253e-14
-1.33951e-14
-1.17139e-14
-6.02415e-15
-5.41686e-15
-4.04129e-15
7.89425e-16
1.66755e-15
-7.38946e-16
4.53004e-15
1.06534e-14
1.03003e-14
5.79696e-15
2.50738e-15
7.65803e-17
-6.68588e-17
4.6399e-15
9.31685e-15
7.58493e-15
-1.85014e-15
-8.32823e-15
-1.14372e-14
-9.79022e-15
-7.94956e-15
-4.23937e-15
-4.33369e-15
-8.29977e-15
-1.10361e-14
-1.15556e-14
-3.41263e-15
3.77995e-15
3.12921e-15
2.01674e-15
-1.35028e-15
-4.05829e-15
-2.17073e-15
3.17161e-15
1.03873e-14
7.39032e-15
2.29987e-15
-5.18981e-15
-8.87823e-15
-7.85985e-15
-9.14821e-15
-2.6548e-15
-5.04483e-15
-8.08657e-15
-9.99651e-15
-1.12558e-14
-3.92185e-15
1.78601e-15
-1.55341e-15
-1.7183e-15
-6.42616e-15
-8.18953e-15
-6.68368e-15
1.13349e-15
1.11718e-14
6.62875e-15
4.8821e-15
2.00334e-17
-3.75036e-15
-3.17603e-15
1.09069e-16
2.18492e-15
-3.00679e-15
-2.83589e-15
-9.89192e-16
-3.84962e-15
1.95144e-15
6.81253e-15
4.28539e-15
1.68506e-16
-5.29834e-15
-4.91622e-15
-4.30569e-15
4.16232e-15
7.16243e-15
6.43351e-15
2.14012e-15
-1.2014e-15
-1.88203e-15
9.85874e-16
6.48635e-15
5.86294e-15
4.34706e-15
8.04822e-16
3.56243e-15
4.50008e-15
1.10576e-14
1.58151e-14
1.08991e-14
4.84268e-15
1.82357e-15
1.8243e-15
3.73509e-16
4.47065e-15
3.44603e-15
-1.38162e-15
-6.97047e-15
-1.08681e-14
-6.43745e-15
1.36557e-15
6.14614e-15
9.17328e-15
7.0874e-15
6.31003e-15
6.75204e-15
1.41463e-14
1.99828e-14
2.19763e-14
1.69019e-14
6.08079e-15
2.65299e-15
3.34778e-15
4.41471e-15
6.4185e-15
1.86803e-15
-2.83291e-15
-9.60166e-15
-1.23581e-14
-1.21008e-14
-5.96649e-15
1.9946e-15
8.19346e-15
3.90986e-15
5.93795e-15
6.32836e-15
1.14713e-14
1.96132e-14
2.03213e-14
1.65359e-14
8.91728e-15
3.35753e-15
1.55714e-15
1.82715e-15
3.35271e-15
-1.80307e-15
-6.46158e-15
-1.2223e-14
-1.41823e-14
-8.7597e-15
-6.04743e-15
-5.13666e-16
-6.52506e-16
-2.34973e-15
-4.50677e-15
-4.0839e-15
2.30394e-15
9.91389e-15
8.84843e-15
6.46305e-15
1.63976e-15
-1.00382e-15
-2.11308e-15
-1.06545e-15
1.01765e-15
-9.03243e-15
-1.26155e-14
-1.30616e-14
-1.44575e-14
-7.98859e-15
-1.39535e-15
-4.43998e-15
-7.69653e-15
-7.17498e-15
-1.1291e-14
-1.08397e-14
-5.58239e-15
-4.44263e-16
4.23387e-16
-3.40419e-15
-7.43189e-15
-8.78882e-15
-4.54051e-15
-2.84052e-15
-3.04906e-15
-7.85376e-15
-1.31777e-14
-1.21977e-14
-1.15838e-14
-5.94988e-15
-2.08713e-15
-5.49552e-15
-8.04821e-15
-1.28641e-14
-1.41463e-14
-1.27612e-14
-8.58994e-15
-5.29494e-15
-5.78918e-15
-8.11536e-15
-1.07537e-14
-1.35525e-14
-5.1561e-15
-1.43699e-15
-1.7474e-15
-3.26447e-15
-8.54517e-15
-1.3855e-14
-1.13696e-14
-4.12538e-15
-5.34602e-15
-8.7793e-15
-8.70902e-15
-1.37425e-14
-1.06166e-14
-7.54655e-15
-3.79542e-15
-3.94979e-15
-5.00659e-15
-1.00246e-14
-1.13938e-14
-1.08515e-14
-4.89463e-15
-1.22964e-15
-1.12049e-15
-6.81846e-15
-9.02091e-15
-1.00906e-14
-7.2709e-15
-2.33481e-15
-5.98026e-15
-1.03267e-14
-1.10424e-14
-1.40007e-14
-5.58321e-15
-1.81306e-15
6.23865e-16
1.19729e-15
-3.66279e-16
-3.58273e-15
-4.31552e-15
-1.2665e-15
-1.04636e-15
-1.04904e-15
-2.42491e-15
-9.88547e-15
-1.0269e-14
-7.94183e-15
-7.1968e-15
-2.82772e-15
-4.23311e-15
-1.02597e-14
-1.33113e-14
-1.37156e-14
-6.11507e-15
1.9536e-15
5.40425e-15
9.64588e-15
6.40486e-15
4.10343e-15
9.29249e-16
9.47264e-16
-1.30676e-15
-1.25577e-15
-3.03855e-15
-1.22946e-14
-1.27256e-14
-1.03771e-14
-6.73117e-15
5.32001e-16
1.07224e-15
-3.81663e-15
-8.3717e-15
-8.27057e-15
-3.44609e-15
1.75988e-15
6.59825e-15
7.96306e-15
7.17213e-15
4.8363e-15
3.64415e-15
3.78554e-15
5.26573e-16
-4.1519e-15
-6.31184e-15
-1.43705e-14
-1.40128e-14
-9.69845e-15
-5.31535e-15
-4.52041e-16
1.38146e-15
1.00803e-15
-6.53885e-16
-2.38342e-15
-1.85076e-15
-4.58941e-16
1.14158e-15
2.47195e-16
1.59923e-15
9.25778e-16
1.99855e-15
1.86467e-15
-1.80197e-15
-3.8489e-15
-7.36114e-15
-1.17717e-14
-1.02028e-14
-5.13788e-15
1.34201e-15
2.46138e-15
4.27611e-15
3.19346e-15
1.46772e-15
-3.87586e-15
-3.00933e-15
-2.79191e-15
-4.29539e-15
-6.8141e-15
-7.3938e-15
-7.78286e-15
-4.44106e-15
-1.09484e-15
-2.01291e-15
-4.41846e-15
-8.62532e-15
-4.32688e-15
-5.10492e-15
-5.92011e-15
-1.71789e-15
3.25723e-15
6.01155e-15
3.16546e-15
1.64711e-15
2.04463e-16
-1.0231e-16
-1.33092e-15
-2.38427e-15
-3.93364e-15
-6.10244e-15
-5.8377e-15
-3.79146e-15
-2.45954e-16
3.77148e-15
6.20456e-17
-2.77789e-15
7.64863e-16
2.12226e-16
-3.13198e-15
-4.09826e-15
-9.51598e-16
2.47626e-15
3.81803e-15
1.6365e-15
1.8676e-15
2.42493e-15
3.4271e-15
5.37761e-15
5.27727e-15
6.08539e-15
5.15917e-15
1.57134e-15
1.55605e-15
5.68971e-15
4.38754e-15
1.80103e-15
2.94842e-15
1.22111e-15
-2.69818e-15
-5.97008e-15
-7.31449e-15
-5.56321e-15
-8.3487e-16
-2.85906e-16
-2.88809e-16
5.4403e-15
8.34718e-15
1.19698e-14
1.29726e-14
1.35461e-14
1.08531e-14
7.6096e-15
5.66007e-15
5.90016e-15
3.66711e-15
2.74654e-15
5.10807e-15
4.83111e-15
-4.23291e-17
-7.35599e-15
-1.13699e-14
-6.06975e-15
-4.24815e-17
2.09775e-15
2.75491e-15
7.24172e-15
9.19187e-15
1.38525e-14
1.77278e-14
1.75399e-14
1.55767e-14
1.22811e-14
7.18556e-15
5.06965e-15
1.73364e-15
1.78373e-15
7.03296e-15
7.32061e-15
1.85656e-15
-4.35833e-15
-8.13212e-15
-3.46748e-15
2.39358e-15
9.26873e-16
-4.61694e-16
3.55686e-15
2.31269e-15
8.11594e-15
1.58947e-14
1.70989e-14
1.63442e-14
8.97564e-15
1.34523e-15
-2.84612e-16
-6.70358e-16
2.49582e-15
7.50439e-15
7.13117e-15
-9.34434e-17
-4.59692e-15
-3.68501e-15
-1.6044e-15
9.75188e-16
-7.60783e-16
-4.29974e-15
-3.75796e-15
-4.27309e-15
2.12702e-15
7.81993e-15
8.87493e-15
1.06536e-14
5.15371e-15
-4.40186e-15
-9.19982e-15
-4.80675e-15
2.09073e-15
8.99805e-15
9.1415e-15
3.77968e-15
-1.34338e-15
-1.57042e-15
-4.60924e-18
-3.77877e-16
1.82785e-15
-2.74296e-15
-7.7704e-15
-5.98838e-15
-4.98525e-16
6.24885e-15
7.7512e-15
6.60026e-15
-9.17093e-17
-9.68579e-15
-1.5816e-14
-1.07979e-14
1.13281e-15
8.89044e-15
6.73978e-15
2.63238e-15
1.67048e-16
-8.37487e-16
7.22577e-16
5.74791e-15
6.67568e-15
8.87752e-16
-3.46397e-15
-1.79294e-15
1.67934e-15
7.37679e-15
1.22185e-14
6.54896e-15
-1.26391e-16
-9.93963e-15
-1.24752e-14
-8.27769e-15
2.03272e-15
6.91821e-15
4.079e-15
-2.16175e-15
-5.02438e-15
-1.78184e-15
4.73875e-15
9.64447e-15
8.56904e-15
4.80786e-15
1.90687e-15
4.44511e-15
9.01788e-15
1.48008e-14
1.82776e-14
1.26752e-14
3.3282e-15
-1.93089e-15
-1.08918e-17
1.31418e-15
6.278e-15
5.46081e-15
-1.36131e-16
-7.73116e-15
-1.16288e-14
-4.67846e-15
4.15569e-15
1.02559e-14
8.88705e-15
5.07732e-15
2.94931e-15
3.96878e-15
1.26272e-14
2.02482e-14
2.22005e-14
1.24179e-14
-1.9707e-15
-2.82258e-15
-2.54489e-15
1.82045e-15
7.28379e-15
2.52218e-15
-1.99493e-15
-1.16224e-14
-1.45673e-14
-8.46275e-15
-8.0471e-16
5.61693e-15
7.2162e-15
5.0705e-15
4.08195e-15
2.4176e-15
1.06825e-14
1.9796e-14
2.08071e-14
1.05459e-14
-1.20062e-15
-2.09472e-15
-1.64607e-15
3.69152e-15
7.1145e-15
-1.06805e-15
-6.17433e-15
-1.37747e-14
-1.34785e-14
-9.45615e-15
-3.05762e-15
1.01671e-15
1.73536e-15
-8.86756e-16
-5.59156e-15
-8.45266e-15
2.61347e-15
9.7511e-15
1.00687e-14
3.63107e-15
-4.70427e-15
-6.76559e-15
-2.02993e-15
4.13124e-15
6.11816e-15
-5.03436e-15
-1.13478e-14
-1.33271e-14
-9.43936e-15
-8.26009e-15
-2.6336e-15
-8.01035e-16
-3.20868e-15
-8.81839e-15
-1.09803e-14
-1.04727e-14
-5.92089e-15
6.08251e-16
1.8831e-15
-6.10198e-15
-1.4129e-14
-1.29719e-14
-2.89374e-15
1.38452e-15
1.06508e-15
-2.41918e-15
-6.43116e-15
-9.85525e-15
-6.58848e-15
-5.18891e-16
1.11119e-15
-8.38278e-16
-3.33091e-15
-1.00817e-14
-1.27235e-14
-1.13029e-14
-8.06388e-15
-3.17249e-15
-2.39658e-15
-1.0765e-14
-1.4379e-14
-1.42303e-14
-5.78368e-15
-2.17953e-16
1.60318e-15
1.55439e-15
-3.12444e-15
-8.7276e-15
-3.94608e-15
4.16129e-15
2.70651e-15
-3.82266e-16
-4.91014e-15
-1.17759e-14
-1.10374e-14
-8.51072e-15
-2.33034e-15
1.48633e-15
-3.76323e-15
-1.22255e-14
-1.48615e-14
-1.42026e-14
-5.68775e-15
-1.17955e-16
2.68737e-15
-3.71051e-15
-4.42522e-15
-5.34451e-15
-2.38832e-15
-5.80097e-16
1.1205e-15
-1.92305e-15
-6.68403e-15
-8.57633e-15
-4.18723e-15
-8.37438e-17
5.04209e-15
6.1474e-15
5.53642e-16
-6.78125e-15
-9.73839e-15
-7.68871e-15
-2.44638e-15
9.08472e-17
-1.43604e-15
-7.27355e-15
-8.81937e-15
-6.91339e-15
-6.2097e-15
-2.84514e-15
2.4923e-16
-4.69567e-15
-9.25833e-15
-7.93108e-15
-1.58412e-15
8.39949e-15
1.25878e-14
1.23952e-14
5.62672e-15
9.98184e-16
-1.77579e-15
-2.36005e-15
-3.01347e-15
-1.71436e-15
-1.88031e-15
-1.20302e-14
-1.29926e-14
-8.86017e-15
-5.08678e-15
4.83385e-16
1.58463e-15
-2.43053e-15
-5.06317e-15
-6.5557e-15
-1.86921e-15
6.67086e-15
1.23261e-14
1.29986e-14
9.67437e-15
5.48117e-15
2.39875e-15
1.85091e-15
-2.51782e-15
-4.85211e-15
-3.80063e-15
-1.0015e-14
-7.83368e-15
-2.54501e-15
2.23164e-15
4.48685e-15
1.50212e-15
-8.12572e-16
-2.83889e-15
-4.05074e-15
-1.60176e-15
7.95005e-16
7.30691e-15
7.53897e-15
4.3432e-15
3.28909e-15
3.02961e-15
2.45108e-15
-4.47129e-16
-4.66094e-15
-6.4683e-15
-7.71181e-15
-3.01637e-15
2.80011e-15
7.49505e-15
9.39811e-15
7.32901e-15
1.82519e-15
-1.06824e-15
-2.94456e-15
-1.66283e-15
-1.17542e-15
-4.27965e-16
-1.00318e-15
-3.42128e-15
-4.00118e-15
1.0837e-15
2.49337e-15
1.20556e-15
-2.44415e-15
-8.25763e-15
4.70466e-16
2.50291e-15
3.7503e-15
7.76835e-15
8.10454e-15
1.08542e-14
3.96522e-15
2.79698e-15
1.54114e-15
9.11135e-16
-3.00832e-16
-1.17028e-15
1.55729e-16
-1.20382e-15
-9.02539e-16
1.18222e-15
3.92945e-15
4.6585e-15
1.83003e-15
-2.71147e-15
5.83302e-15
8.81129e-15
6.29414e-15
7.20051e-15
8.5687e-15
9.99328e-15
7.33623e-15
6.02976e-15
3.38605e-15
2.94173e-15
4.75883e-15
5.06148e-15
7.95643e-15
6.90203e-15
5.34034e-15
3.96561e-15
4.94563e-15
7.64645e-15
7.25865e-15
6.95283e-15
3.80248e-15
5.28148e-15
4.75062e-15
4.9431e-15
3.24272e-15
3.63652e-15
4.22104e-15
6.64318e-15
5.63735e-15
8.45202e-15
1.07761e-14
1.10947e-14
1.50535e-14
1.51768e-14
1.03301e-14
8.46027e-15
7.96459e-15
5.69228e-15
3.54506e-15
3.79964e-15
6.75728e-15
5.62169e-15
5.13065e-15
1.81753e-15
-5.58414e-15
-1.72394e-15
3.08018e-15
8.69072e-15
6.35127e-15
8.19047e-15
1.03859e-14
1.66105e-14
1.97084e-14
2.14744e-14
1.59014e-14
9.3959e-15
5.44199e-15
1.33222e-15
-1.24285e-15
8.53232e-16
5.34936e-15
7.73654e-15
7.51732e-15
1.5788e-15
-4.5927e-15
-1.23337e-15
7.40667e-15
9.6204e-15
3.53316e-15
1.87223e-15
3.98627e-15
1.26158e-14
1.8364e-14
1.92252e-14
1.39575e-14
3.84011e-15
-2.05434e-15
-7.17721e-15
-3.75965e-15
1.04831e-15
5.82753e-15
8.37384e-15
3.30429e-15
-1.29651e-15
-3.7187e-16
3.39903e-15
8.16251e-15
5.80519e-15
-4.98123e-16
-2.91193e-15
-1.91267e-15
4.16292e-15
9.02595e-15
1.05682e-14
9.64999e-15
1.99831e-15
-7.88154e-15
-1.44707e-14
-8.66628e-15
5.93677e-16
9.0492e-15
1.0746e-14
4.311e-15
-7.23104e-16
1.02133e-15
2.80817e-15
3.95516e-15
2.55591e-15
-3.74099e-16
-4.80349e-15
-6.62616e-15
-1.28028e-15
3.97767e-15
4.00434e-15
3.66479e-15
-3.11148e-15
-1.28551e-14
-1.72471e-14
-1.15874e-14
5.84529e-16
5.5313e-15
6.61329e-15
2.11705e-15
-2.93865e-15
1.1149e-15
4.10519e-15
9.97723e-15
6.24756e-15
-1.25811e-15
-6.8235e-15
-5.30801e-15
3.13897e-17
6.18643e-15
8.66135e-15
6.13954e-15
-2.85925e-15
-1.31369e-14
-1.46449e-14
-9.92273e-15
1.15277e-15
8.59174e-15
5.37661e-15
-1.42455e-15
-7.37669e-15
-1.78065e-15
5.65988e-15
1.12418e-14
9.16209e-15
2.26527e-15
-1.83315e-15
-4.19448e-16
7.50084e-15
1.31022e-14
1.63662e-14
1.35604e-14
-6.34177e-16
-7.39083e-15
-7.59319e-15
-3.9417e-15
5.5117e-15
6.70426e-15
-8.88817e-18
-3.55224e-15
-5.27723e-15
-1.53093e-15
3.09234e-15
9.78835e-15
1.03365e-14
4.19232e-15
-1.01571e-16
-1.31018e-15
4.04755e-15
1.16972e-14
1.52904e-14
5.42733e-15
-4.68713e-15
-3.08519e-15
-3.02092e-15
4.56112e-16
9.07473e-15
6.26226e-15
6.6796e-16
-7.60113e-15
-9.93255e-15
-4.85291e-15
3.33966e-16
7.47456e-15
6.45443e-15
8.15795e-16
-2.21496e-15
-1.16839e-15
6.36472e-15
1.17654e-14
1.18951e-14
2.32957e-15
-6.36574e-15
-3.46513e-15
1.3375e-16
6.06683e-15
1.02854e-14
7.07682e-15
1.93786e-16
-6.45409e-15
-6.70123e-15
-6.01588e-15
-1.2444e-15
3.72217e-15
3.0712e-15
-2.03434e-15
-7.81097e-15
-7.30995e-15
2.54899e-15
6.4649e-15
2.39794e-15
-3.13215e-15
-8.99531e-15
-9.39185e-15
1.49502e-15
7.77293e-15
1.10348e-14
4.87153e-15
-2.05256e-15
-4.82107e-15
-2.97761e-15
-3.00146e-16
6.39706e-15
4.69322e-15
1.39853e-15
-5.51335e-15
-1.05469e-14
-7.89096e-15
-2.62808e-15
-5.58951e-16
-4.14827e-15
-9.18696e-15
-1.70646e-14
-1.39474e-14
-2.11672e-15
4.75063e-15
6.82585e-15
1.04122e-14
2.63226e-15
-1.53687e-15
2.48404e-15
9.54315e-15
1.28459e-14
7.4423e-15
3.80757e-15
-3.74675e-15
-8.07532e-15
-8.51193e-15
-3.4615e-15
-2.62578e-16
-1.81237e-15
-1.18959e-14
-1.45655e-14
-1.28917e-14
-4.93288e-15
3.59875e-15
8.76269e-15
8.70416e-15
1.99541e-15
1.17631e-15
4.97333e-15
1.13245e-14
1.52324e-14
8.08208e-15
6.29907e-16
-6.82823e-15
-5.89985e-15
-3.69544e-15
3.77254e-15
7.20559e-15
1.71851e-15
-8.62096e-15
-1.00513e-14
-9.93614e-15
-3.10282e-15
6.08519e-15
1.08387e-14
7.05279e-16
2.13745e-16
7.96147e-16
7.66619e-15
7.84015e-15
1.18288e-14
7.60791e-15
-1.27376e-15
-2.31084e-15
-8.46268e-16
5.90231e-15
1.27489e-14
1.27484e-14
5.39779e-15
-1.72525e-15
-5.01682e-15
-6.75248e-15
1.01259e-15
2.42123e-15
1.7725e-15
-1.82352e-15
-4.36396e-16
-1.53955e-15
2.4089e-15
3.72739e-15
7.47802e-15
2.21823e-15
-2.75693e-15
-1.30926e-15
2.51242e-15
1.16532e-14
1.52628e-14
1.47459e-14
9.70746e-15
3.85391e-15
-2.27255e-15
-2.92064e-15
2.50665e-15
8.30233e-16
9.14335e-16
-4.57922e-15
-4.73194e-15
-3.25436e-15
2.11206e-15
6.98482e-15
3.97121e-15
-2.51815e-15
-4.41682e-15
-3.0838e-15
2.58735e-15
7.70413e-15
1.2069e-14
1.62284e-14
1.37919e-14
6.5904e-15
-1.13897e-15
-4.39457e-16
-6.86383e-16
-4.01761e-15
-3.95565e-16
-5.35717e-15
-1.23663e-15
2.60021e-15
8.85946e-15
1.18776e-14
6.43682e-15
-2.83028e-16
-1.51525e-15
-1.05996e-15
1.45381e-15
1.54902e-15
8.32127e-15
1.05459e-14
8.20634e-15
4.32868e-15
1.88804e-15
2.45633e-15
1.04405e-15
-2.99427e-15
-4.58769e-15
-2.94184e-15
-3.41472e-16
4.99745e-15
1.12602e-14
1.28176e-14
8.25359e-15
3.41688e-15
7.44868e-16
-1.87493e-16
-1.12399e-15
-1.32896e-15
-5.34847e-16
-2.14e-15
-4.41126e-15
-2.05678e-15
1.76838e-15
2.8104e-15
6.41378e-15
1.99481e-15
-3.42757e-15
5.57491e-15
7.49314e-15
8.39847e-15
1.06426e-14
1.27653e-14
1.06799e-14
3.08168e-15
5.21692e-15
4.12455e-15
1.26112e-15
5.69346e-16
-4.37829e-15
-2.09629e-15
-2.83821e-15
-3.25969e-15
-7.90016e-16
4.81589e-15
9.68872e-15
4.65557e-15
1.80945e-15
1.05507e-14
1.39091e-14
9.18184e-15
8.81732e-15
1.24215e-14
1.00084e-14
5.85975e-15
7.60355e-15
2.61495e-15
3.70944e-15
5.48387e-15
2.1638e-15
5.76482e-16
2.39738e-15
-7.29184e-16
1.95387e-16
4.69811e-15
8.75423e-15
8.85469e-15
8.48983e-15
8.24355e-15
1.28792e-14
7.83891e-15
7.08118e-15
5.03863e-15
4.96204e-15
5.36787e-15
7.88452e-15
4.63109e-15
7.52106e-15
1.14579e-14
9.45689e-15
7.64202e-15
8.04947e-15
4.83741e-15
5.48034e-15
4.46625e-15
1.6715e-15
9.34553e-16
3.52817e-15
4.21502e-15
1.05598e-14
8.59429e-15
4.2254e-15
-1.79173e-15
7.12419e-16
4.85789e-15
7.37936e-15
5.76717e-15
6.56685e-15
9.44713e-15
1.43867e-14
1.24499e-14
1.28768e-14
9.13846e-15
4.51932e-15
-1.12714e-15
-4.77576e-15
-6.20865e-15
-2.89984e-15
2.75e-15
7.31409e-15
5.62662e-15
2.76462e-15
-3.2618e-15
-8.62519e-16
7.19294e-15
7.93338e-15
2.01758e-15
-1.05393e-15
1.87873e-15
9.17034e-15
1.30112e-14
1.39768e-14
8.03612e-15
-2.1279e-15
-8.70093e-15
-1.0648e-14
-7.40327e-15
-3.03304e-15
4.98784e-15
8.65749e-15
5.28791e-15
1.63516e-15
2.58782e-15
5.47868e-15
9.65952e-15
7.89938e-15
4.15027e-16
-6.20771e-15
-7.30504e-15
-3.18259e-15
4.21162e-15
6.55326e-15
3.29515e-15
-4.00509e-15
-1.28397e-14
-1.65038e-14
-1.16992e-14
-1.91697e-15
6.68471e-15
9.99233e-15
3.8127e-15
-3.37278e-15
2.56937e-15
5.14843e-15
4.67579e-15
3.41134e-15
-2.56017e-15
-1.0164e-14
-1.35168e-14
-1.09953e-14
-2.80681e-15
-1.33741e-15
-1.66981e-15
-7.58272e-15
-1.35193e-14
-1.73855e-14
-1.03125e-14
-4.46764e-16
5.51713e-15
4.8679e-15
1.14763e-15
-3.03759e-15
1.6459e-15
5.08893e-15
6.24304e-15
1.824e-15
-4.16164e-15
-1.1291e-14
-1.1555e-14
-7.02356e-15
-1.14742e-15
2.06681e-15
2.02073e-15
-6.24858e-15
-1.1036e-14
-1.20405e-14
-8.21634e-15
8.77107e-16
8.58297e-15
3.88024e-15
-9.41857e-16
-4.2927e-15
-4.43773e-16
1.80426e-15
9.75497e-15
7.78161e-15
8.17851e-16
-5.28907e-15
-5.19924e-15
5.23594e-16
5.03271e-15
9.39151e-15
7.33843e-15
-1.52586e-15
-6.17531e-15
-8.8003e-15
-4.6239e-15
6.67988e-15
6.92307e-15
3.80807e-16
-2.50282e-15
-2.75844e-15
-3.36326e-15
-1.40796e-15
4.69364e-15
6.48573e-15
3.84391e-15
-2.18176e-15
-4.05524e-15
1.70049e-15
9.98157e-15
1.17359e-14
6.13253e-15
4.93762e-16
-5.4307e-16
8.73698e-18
6.62622e-15
1.03568e-14
1.32489e-14
4.41976e-15
-2.95157e-15
-3.27613e-15
-2.28395e-15
7.40743e-17
6.67015e-15
5.13069e-15
9.70637e-16
-1.12807e-15
4.85603e-16
4.49808e-15
8.54229e-15
8.31213e-15
2.55483e-15
-8.64946e-16
-5.1809e-15
1.20892e-15
9.33404e-15
1.51949e-14
1.62076e-14
6.68887e-15
-1.52492e-17
2.05819e-16
7.3536e-16
5.24315e-15
8.72593e-15
3.55102e-15
-3.39395e-15
-4.47709e-15
-7.26063e-16
2.23364e-15
1.9486e-15
-1.42676e-15
-3.45229e-15
-6.32851e-15
-8.30045e-15
1.63296e-15
9.1921e-15
1.67817e-14
1.25454e-14
7.06153e-15
4.62263e-15
7.95824e-15
8.88515e-15
1.20487e-14
8.26864e-15
2.3653e-15
-5.82299e-15
-5.55759e-15
-2.17312e-15
-1.44453e-15
-3.36236e-15
-6.74726e-15
-1.01742e-14
-1.21957e-14
-8.404e-15
1.24068e-15
7.58323e-15
1.11593e-14
1.42518e-14
1.24169e-14
1.04532e-14
1.33623e-14
1.55359e-14
1.65871e-14
8.16541e-15
5.27943e-15
-2.1649e-15
-5.10576e-15
-2.15948e-15
1.19634e-15
-2.47374e-16
-3.59088e-15
-8.47904e-15
-9.01862e-15
-7.6246e-15
6.26005e-16
8.55831e-15
1.40508e-14
1.36726e-14
1.02832e-14
1.08676e-14
1.45375e-14
1.48635e-14
1.56912e-14
8.77473e-15
4.11722e-15
-1.23706e-15
-1.72455e-16
6.34196e-15
7.3678e-15
6.1651e-15
3.72492e-15
-6.07849e-15
-7.10369e-15
-2.91993e-15
1.84362e-15
9.1284e-15
1.48203e-14
6.42982e-15
7.11167e-15
1.07728e-14
1.37381e-14
1.50849e-14
1.11122e-14
6.50521e-15
9.54934e-16
1.92422e-15
5.00333e-15
1.12139e-14
1.35563e-14
1.45324e-14
8.60758e-15
-8.65622e-16
-2.60121e-15
-9.11783e-16
5.06072e-15
5.76378e-15
6.44787e-15
9.01976e-16
6.46686e-15
8.86572e-15
1.21397e-14
9.48665e-15
6.82606e-15
8.32841e-16
-1.0606e-15
1.07077e-15
6.63046e-15
1.32075e-14
1.7962e-14
2.02212e-14
1.30532e-14
4.14869e-15
1.85283e-16
3.85551e-17
4.52525e-15
2.75789e-15
2.73035e-16
1.18439e-15
2.51816e-15
6.73699e-15
9.15631e-15
8.79662e-15
4.99492e-15
1.01121e-16
-1.7448e-15
-1.36722e-15
4.8321e-15
8.8702e-15
1.33966e-14
1.86623e-14
1.70277e-14
5.6883e-15
-6.35506e-16
1.28241e-15
2.91013e-15
2.37534e-16
1.47839e-16
3.61085e-16
7.32004e-15
1.1372e-14
1.07588e-14
1.20142e-14
6.22706e-15
1.76601e-15
7.85025e-16
-9.07006e-17
5.43158e-16
7.62012e-16
5.67183e-15
8.20891e-15
7.98047e-15
3.38652e-15
-6.55197e-16
9.39643e-16
4.03014e-15
3.33205e-15
-1.22406e-15
1.66412e-15
6.78601e-15
1.211e-14
1.17433e-14
1.12757e-14
8.37265e-15
5.54369e-15
2.92141e-15
3.02395e-16
-1.53252e-15
-5.19444e-15
-2.37446e-15
-3.60101e-15
-5.58046e-15
-4.43228e-15
-1.30819e-15
2.11452e-15
8.45471e-15
7.4744e-15
2.80044e-15
8.55809e-15
1.17414e-14
9.83127e-15
1.04032e-14
1.10682e-14
7.32017e-15
3.60896e-15
4.08653e-15
3.83303e-15
-1.42782e-16
-3.22303e-15
-6.19293e-15
-9.02566e-15
-8.23079e-15
-6.95519e-15
-2.75264e-15
4.82325e-15
1.22095e-14
8.12135e-15
6.75851e-15
1.30267e-14
1.23378e-14
4.74162e-15
4.13245e-15
5.37215e-15
6.24518e-15
5.41875e-15
5.14104e-15
2.16474e-15
3.11593e-16
3.93941e-15
3.3043e-16
-5.10213e-15
-4.96269e-15
-4.75264e-15
-1.74912e-15
1.78051e-15
7.73312e-15
6.76535e-15
9.79261e-15
9.13459e-15
9.87605e-15
3.6524e-15
6.12451e-16
7.3015e-16
1.61707e-15
3.67648e-15
2.93898e-15
1.75169e-15
3.22142e-15
7.41438e-15
6.78538e-15
2.90635e-15
6.87944e-16
-1.99462e-15
9.41524e-16
2.78804e-16
-2.753e-16
1.25972e-15
4.04709e-15
1.82798e-15
8.3844e-15
7.8944e-15
2.49636e-15
-1.00718e-15
-4.42016e-16
2.13445e-15
5.978e-16
1.98367e-15
2.48022e-15
4.13247e-15
7.13065e-15
6.63716e-15
5.18542e-15
2.4607e-15
1.05282e-15
-4.94087e-15
-5.95217e-15
-5.89375e-15
-4.43591e-15
-7.83555e-16
5.19784e-15
6.17145e-15
2.89828e-15
-4.45364e-16
9.43582e-16
4.24758e-15
1.36293e-15
-1.02035e-15
-5.06826e-15
-2.37383e-15
3.04609e-15
5.68828e-15
5.97385e-15
2.05108e-15
-5.84348e-15
-1.27181e-14
-1.10771e-14
-7.49323e-15
-3.55364e-15
-8.32316e-16
5.12795e-15
3.45957e-15
2.58875e-15
3.31672e-15
6.38182e-15
1.00232e-14
5.15338e-15
-5.14511e-15
-1.40597e-14
-1.06751e-14
-6.61211e-15
-3.13914e-15
-6.11708e-16
-3.06983e-15
-1.06953e-14
-1.65318e-14
-1.50431e-14
-8.91841e-15
-3.63514e-15
3.43861e-15
5.69542e-15
1.81382e-15
-2.22513e-15
2.52063e-15
6.93135e-15
8.86366e-15
4.12655e-15
-5.09785e-15
-1.76053e-14
-2.1172e-14
-1.44697e-14
-7.72554e-15
-4.00653e-15
-5.70359e-15
-1.07653e-14
-1.66486e-14
-1.66311e-14
-7.27298e-15
-1.47661e-15
9.59771e-15
8.81641e-15
1.71019e-15
-2.13188e-15
7.90326e-16
3.58323e-15
6.74144e-15
4.78679e-15
-4.49364e-15
-1.33447e-14
-1.76913e-14
-1.12588e-14
-6.77147e-15
-1.12675e-15
-7.84983e-16
-5.68771e-15
-8.91948e-15
-9.69183e-15
-2.71876e-15
1.83733e-15
9.68444e-15
4.57803e-15
-1.10574e-15
-3.31385e-15
-2.98295e-15
-6.16711e-16
4.88553e-15
5.66026e-15
-1.63766e-16
-7.90598e-15
-8.97611e-15
-3.85827e-15
2.61429e-15
4.85035e-15
5.82351e-15
-1.69322e-16
-1.27483e-15
-4.44206e-15
1.51818e-15
6.37554e-15
8.63017e-15
3.55515e-15
-3.73581e-15
-7.42711e-15
-5.74549e-15
3.93918e-16
2.42721e-15
3.43646e-15
2.56353e-15
-2.80571e-15
-2.64178e-15
3.04935e-15
9.87307e-15
1.20059e-14
1.02516e-14
5.09109e-15
2.72721e-15
5.27593e-15
8.67723e-15
1.02383e-14
1.01865e-14
2.95044e-15
-3.65009e-15
-5.40946e-15
-3.73427e-15
-5.77296e-16
1.15819e-15
-6.92315e-16
1.24814e-15
-1.92454e-16
2.92513e-15
5.58574e-15
8.39016e-15
1.05977e-14
8.4565e-15
4.74777e-15
-1.18367e-15
1.66482e-15
6.99761e-15
9.6212e-15
6.34597e-15
3.23163e-15
4.98012e-16
-3.86438e-16
2.30944e-15
2.97148e-15
6.07302e-15
2.0267e-15
-2.7918e-15
-1.21715e-15
1.35343e-16
1.31626e-15
3.50389e-15
5.17196e-15
1.79717e-15
-1.5731e-15
-3.72e-15
-2.07486e-15
3.89175e-15
8.90566e-15
8.87534e-15
9.60367e-15
8.57109e-15
8.21256e-15
9.18746e-15
1.06063e-14
9.06204e-15
1.73479e-15
-5.05882e-15
-2.8821e-15
-1.66965e-15
-1.55815e-15
-1.16122e-15
-2.72936e-15
-2.94504e-15
-3.97186e-15
-3.30841e-15
-6.90954e-17
4.58268e-15
9.31556e-15
1.44774e-14
1.23495e-14
1.13488e-14
1.44991e-14
1.49471e-14
1.50321e-14
1.11389e-14
5.37955e-15
-3.23297e-15
-4.14742e-15
1.72354e-15
2.02031e-15
-7.22013e-16
-1.35722e-15
-3.11374e-15
-2.5737e-15
-1.49731e-15
2.57606e-15
1.14525e-14
1.36784e-14
1.47706e-14
1.24886e-14
1.12221e-14
1.4509e-14
1.48748e-14
1.60721e-14
1.07595e-14
4.85207e-15
-4.17931e-16
9.14316e-16
7.33337e-15
6.62105e-15
5.30923e-15
2.19536e-15
-4.16324e-15
-2.69062e-15
-6.09593e-16
5.65352e-15
1.3545e-14
1.52099e-14
5.9739e-15
8.77001e-15
1.08508e-14
1.22926e-14
1.28904e-14
1.03682e-14
3.51519e-15
5.98473e-16
4.56831e-18
4.50186e-15
8.97757e-15
1.18051e-14
1.23345e-14
5.3159e-15
-1.73604e-15
-2.75324e-15
-6.71849e-16
4.99028e-15
8.62355e-15
7.79877e-15
-3.55733e-15
2.98468e-15
7.83609e-15
7.721e-15
7.35944e-15
4.23483e-15
-2.05347e-15
-5.91695e-15
-1.42416e-15
5.85971e-15
1.05809e-14
1.73307e-14
1.5131e-14
8.32588e-15
1.50742e-15
2.92286e-16
-1.36357e-15
2.68783e-15
3.336e-15
-1.42381e-15
-8.99172e-16
2.75193e-15
5.50713e-15
7.3318e-15
6.75647e-15
4.90647e-15
-1.30476e-15
-3.65357e-15
-5.41754e-15
4.38071e-16
5.41177e-15
9.56633e-15
1.0772e-14
7.64584e-15
1.48201e-15
1.47562e-15
1.49883e-15
2.74807e-15
3.75532e-15
-7.90202e-16
7.06055e-16
4.30044e-15
8.65849e-15
8.52119e-15
4.98547e-15
3.34618e-15
4.16852e-16
-1.73314e-15
-5.99999e-15
-3.20563e-15
-4.02039e-15
2.92503e-15
5.8224e-15
3.1599e-15
-2.06533e-15
-2.80144e-15
5.75165e-16
2.07041e-15
4.56388e-15
7.55134e-16
5.04134e-15
7.68386e-15
1.18612e-14
1.09595e-14
8.62307e-15
7.30606e-15
5.32336e-15
1.53823e-15
1.23758e-17
-3.70381e-15
-5.49567e-15
-2.29899e-15
-2.22037e-15
-8.12247e-15
-8.92368e-15
-4.28382e-15
1.25574e-15
5.79914e-15
8.16388e-15
8.32127e-15
1.07529e-14
1.13902e-14
9.63052e-15
9.41036e-15
7.00909e-15
6.0813e-15
5.48752e-15
2.75891e-15
2.86892e-15
-3.284e-15
-5.46469e-15
-5.21327e-15
-9.99765e-15
-1.25498e-14
-9.11674e-15
-2.20782e-15
3.78229e-15
9.55545e-15
1.04456e-14
1.28222e-14
1.2243e-14
1.04181e-14
5.61581e-15
1.27615e-15
2.18832e-15
5.52264e-15
4.92617e-15
1.1665e-15
-3.87247e-16
-8.65335e-16
-1.13879e-15
-2.01168e-15
-5.81199e-15
-7.69285e-15
-9.15213e-15
-3.61211e-15
1.45781e-15
5.20548e-15
6.49056e-15
1.13345e-14
7.4732e-15
3.51328e-15
1.47083e-15
-2.43013e-15
-2.72541e-15
2.73755e-16
7.8242e-17
-2.61582e-15
-1.70511e-15
-8.89763e-16
2.43839e-17
1.45454e-15
-5.65224e-16
-3.85109e-15
-9.35006e-15
-4.59169e-15
-2.7575e-15
-9.72626e-16
1.04199e-15
3.90833e-15
-2.69277e-15
-1.96731e-15
-1.66175e-15
-4.93794e-15
-5.93241e-15
-4.19509e-15
-5.12359e-15
-4.21705e-15
-1.21041e-15
-1.76089e-15
-3.05646e-15
-7.71514e-16
1.33554e-15
-1.4269e-17
-2.41512e-15
-1.74066e-15
-7.89219e-15
-9.561e-15
-6.86896e-15
-6.11436e-15
-3.70089e-15
-4.44176e-15
-4.31008e-15
-6.09004e-15
-6.16839e-15
-1.70093e-15
-3.71926e-17
-2.51696e-15
-2.60755e-15
-7.93469e-15
-8.36067e-15
-2.31599e-15
4.44442e-15
4.79711e-15
1.4118e-16
-5.27854e-15
-9.85104e-15
-1.42839e-14
-1.36261e-14
-6.79884e-15
-5.22393e-15
-2.05546e-15
-3.15309e-15
-4.63181e-15
-3.556e-15
2.60315e-15
7.53632e-15
1.11929e-15
-5.52388e-15
-1.6302e-14
-1.67462e-14
-1.11519e-14
-5.49076e-15
-1.22035e-15
-4.52787e-15
-9.18962e-15
-1.07695e-14
-1.16577e-14
-1.01215e-14
-4.31967e-15
2.85653e-15
2.2385e-15
-2.39959e-15
-4.70004e-15
-1.32227e-15
6.52874e-15
1.19586e-14
6.0385e-15
-3.16114e-15
-1.56927e-14
-2.08045e-14
-1.64847e-14
-8.56698e-15
-3.66799e-15
-6.11359e-15
-9.65091e-15
-9.58153e-15
-7.39407e-15
-6.41748e-17
3.18574e-15
9.97889e-15
5.72268e-15
-1.14074e-15
-4.86457e-15
-3.93408e-15
3.33299e-15
1.03039e-14
6.73242e-15
8.81471e-16
-8.00756e-15
-1.65225e-14
-1.35872e-14
-6.71583e-15
1.13954e-15
7.13653e-16
-4.72842e-15
-1.83476e-15
1.0894e-15
5.12528e-15
5.96549e-15
8.68739e-15
4.23387e-15
-2.54647e-15
-5.17791e-15
-5.24423e-15
-1.91838e-16
4.9784e-15
6.25263e-15
6.92996e-16
-5.85331e-15
-9.72328e-15
-5.84269e-15
2.70812e-15
9.16246e-15
1.08524e-14
4.07613e-15
4.90185e-15
4.2077e-15
6.77775e-15
5.95601e-15
3.81185e-15
1.9131e-15
-4.3892e-15
-9.62777e-15
-9.56299e-15
-4.56252e-15
-2.31999e-15
1.28905e-15
1.30184e-15
-2.72309e-15
3.69538e-16
3.58324e-15
7.57257e-15
1.08477e-14
1.41207e-14
1.14158e-14
7.10205e-15
5.48629e-15
5.3798e-15
4.45027e-15
-7.68895e-16
-2.74765e-15
-4.25296e-15
-9.65644e-15
-8.58384e-15
-5.27269e-15
-3.13038e-15
-3.32583e-15
-1.08761e-15
-4.26981e-16
2.33054e-15
4.83941e-15
6.95865e-15
1.08441e-14
1.04216e-14
5.90652e-15
2.16802e-15
5.37317e-16
-5.52596e-16
4.78998e-16
-3.48374e-18
-2.25258e-15
-2.71821e-15
-5.6683e-15
-3.32078e-15
-2.74831e-16
6.15492e-16
-1.54635e-15
-1.28495e-15
6.47445e-16
2.27891e-15
4.35938e-15
5.39369e-15
4.06241e-15
3.62358e-15
-2.99827e-16
-3.19088e-15
-2.02863e-15
-2.17956e-15
-1.69318e-15
4.58335e-15
4.05474e-15
3.89941e-15
3.29485e-15
4.34903e-15
5.02508e-15
1.29617e-15
-1.71017e-15
-2.91065e-15
-1.38848e-15
-1.22832e-15
1.71924e-15
7.90691e-16
-2.11736e-15
-4.64072e-16
1.91829e-16
-8.88975e-17
2.60636e-16
2.75499e-15
2.83447e-15
3.87721e-15
2.57862e-15
3.50392e-15
8.09289e-15
9.37272e-15
1.3002e-14
6.31342e-15
1.89528e-16
-1.3721e-16
-2.23329e-15
1.90466e-16
3.55349e-15
1.20125e-15
-1.72041e-15
-4.32381e-16
1.66303e-15
2.66014e-15
3.21931e-15
8.7748e-15
6.64122e-15
6.66565e-15
5.2306e-15
4.69192e-15
8.38548e-15
1.16939e-14
1.10597e-14
4.67279e-15
-1.53269e-15
-2.25849e-15
-9.72368e-16
4.3427e-15
8.63708e-15
6.08334e-15
2.52456e-15
-1.66404e-15
-2.75981e-15
-1.4197e-15
7.9195e-15
1.14141e-14
9.69576e-15
1.97115e-15
2.43196e-15
3.71088e-15
8.2209e-15
6.86937e-15
9.32994e-16
-5.57762e-15
-8.55676e-15
-6.17193e-15
-4.03742e-16
5.47549e-15
9.05126e-15
4.85782e-15
-1.03416e-15
-2.22859e-15
-4.04207e-15
-3.29118e-15
3.37515e-15
6.61143e-15
3.21158e-15
-7.67379e-15
-6.17921e-15
-5.89181e-16
-2.95137e-17
-1.08243e-16
-4.25928e-15
-1.04655e-14
-1.30502e-14
-6.085e-15
-1.43415e-15
4.41459e-15
1.05375e-14
6.44143e-15
5.47512e-16
-3.5559e-15
-3.70823e-15
-3.88515e-15
8.49384e-16
3.32582e-15
-4.92502e-15
-8.12118e-15
-7.03947e-15
-6.33478e-15
-2.80644e-15
-2.46328e-15
-4.89315e-15
-9.17076e-15
-1.23317e-14
-9.88234e-15
-5.77555e-15
1.56473e-15
5.07691e-15
4.04749e-15
-1.17697e-15
-4.88658e-15
-4.67376e-15
-2.29503e-15
-7.85553e-16
4.22272e-15
-3.8393e-15
-4.5229e-15
-6.80974e-15
-4.31322e-15
-5.32248e-15
-2.70274e-15
-2.47889e-15
-5.10671e-15
-7.05264e-15
-8.65174e-15
-7.6792e-15
-2.68351e-15
-8.68481e-16
-1.16784e-15
-5.03282e-15
-8.73703e-15
-5.72103e-15
-1.01106e-15
3.00978e-17
1.64063e-15
-2.2898e-15
6.63853e-17
-3.46561e-15
1.1041e-16
2.07508e-15
2.35112e-15
2.93933e-15
1.20895e-18
-1.47375e-15
-1.69876e-15
-6.03581e-15
-4.45101e-15
-3.0944e-15
-6.02247e-15
-1.33627e-14
-1.06752e-14
-6.0517e-15
1.96721e-15
5.81449e-15
6.57275e-15
4.59403e-15
4.8526e-15
4.4725e-15
2.16648e-15
1.00681e-15
5.10466e-16
2.54142e-15
1.95479e-15
1.1254e-15
6.77954e-17
-4.05951e-15
-3.56772e-15
-2.46106e-15
-9.22095e-15
-1.39361e-14
-1.02094e-14
-4.8193e-15
1.35002e-15
5.75671e-15
8.41265e-15
7.51238e-15
5.62828e-15
3.3918e-15
-9.21189e-16
-2.91763e-15
-2.19767e-15
1.53445e-15
-5.56433e-16
-1.50482e-15
-1.00207e-15
-1.71318e-15
-4.20914e-16
-1.53656e-16
-2.18906e-15
-5.28584e-15
-9.20224e-15
-6.83328e-15
1.52173e-15
3.86714e-15
5.06945e-15
7.97794e-15
8.16679e-16
-2.4428e-15
-4.67269e-15
-7.05147e-15
-4.76618e-15
-4.27171e-15
-9.18453e-15
-7.2912e-15
-3.97411e-15
1.99348e-16
2.20803e-15
2.54282e-15
2.0643e-15
-8.82487e-16
-4.47972e-15
-4.58748e-15
-9.87124e-16
2.23998e-15
4.65274e-15
2.69217e-15
-4.96286e-15
-9.86025e-15
-1.15445e-14
-1.03416e-14
-7.72871e-15
-6.83074e-15
-7.72262e-15
-7.09237e-15
-3.55087e-15
-7.57477e-16
-2.58498e-15
-8.26022e-16
7.27263e-16
2.66275e-15
3.49658e-15
1.25272e-15
-2.61618e-15
-5.05725e-15
-5.45578e-15
-7.52408e-15
-5.94162e-15
-1.09289e-14
-1.10128e-14
-8.94099e-15
-8.19574e-15
-3.14309e-15
-8.34348e-16
-1.83153e-15
-1.76784e-15
-6.11008e-15
-8.93528e-15
-5.71181e-15
2.62648e-17
4.3197e-15
4.96503e-15
3.53483e-16
-5.02619e-15
-1.04682e-14
-1.22461e-14
-9.12031e-15
-8.39637e-15
-6.39949e-15
-6.2377e-15
-6.8255e-15
-5.60452e-15
-7.30963e-16
4.93068e-15
5.63775e-15
-1.91083e-15
-1.233e-14
-1.29074e-14
-1.15702e-14
-5.65935e-15
4.5354e-16
2.50767e-15
-7.62275e-16
-5.86836e-15
-7.52305e-15
-8.86707e-15
-7.88282e-15
1.55065e-15
-9.20001e-16
-3.32702e-15
-4.675e-15
-1.82199e-15
4.79353e-15
1.18601e-14
1.05001e-14
9.9631e-16
-9.15993e-15
-1.31271e-14
-1.23524e-14
-5.18358e-15
2.71375e-16
1.39016e-15
2.34669e-15
-1.89589e-15
-2.32561e-15
6.35195e-16
1.06456e-15
6.92167e-15
3.19871e-15
7.36161e-16
-2.68212e-15
-2.2447e-15
5.84727e-15
1.2133e-14
1.11811e-14
2.54406e-15
-6.90104e-15
-1.08291e-14
-9.13762e-15
-1.31185e-15
4.5658e-15
6.30082e-15
6.42258e-15
6.83751e-15
7.94733e-15
6.85102e-15
7.18001e-15
5.69085e-15
3.75183e-15
-8.35217e-16
-5.3243e-15
-6.54402e-15
-1.93872e-15
3.39109e-15
7.86218e-15
4.39318e-15
-3.33921e-15
-5.44845e-15
-1.08466e-15
4.14795e-15
8.82736e-15
1.33577e-14
1.08981e-14
1.09009e-14
7.34093e-15
5.19696e-15
5.04703e-15
-5.53512e-15
-3.161e-15
-4.56503e-15
-1.07131e-14
-9.77647e-15
-7.63132e-15
-8.23862e-15
-2.93807e-15
-1.21311e-15
4.5309e-17
1.9162e-15
4.06855e-15
7.64018e-15
1.27395e-14
1.55961e-14
1.46515e-14
6.56446e-15
1.83515e-15
-1.92307e-15
-5.43531e-15
-5.97354e-15
-6.5088e-15
-8.2018e-15
-1.36339e-14
-9.62657e-15
-6.52328e-15
-9.27287e-15
-7.33629e-15
-4.32901e-15
-1.96233e-15
2.54192e-15
4.93899e-15
6.55342e-15
1.01647e-14
9.30973e-15
7.02598e-15
-9.80993e-16
-4.0561e-15
-7.99464e-15
-7.24127e-15
-1.55319e-15
-4.18744e-15
-7.26993e-15
-9.71538e-15
-7.3866e-15
-7.87387e-16
-1.7333e-15
-6.21e-15
-5.06033e-15
6.55612e-16
4.09006e-15
1.23529e-15
3.32194e-15
6.49614e-16
6.51535e-16
-1.85291e-15
-4.93417e-15
-5.66798e-15
-8.25106e-15
-6.3932e-15
-6.82916e-16
-2.62943e-15
-3.77412e-15
-4.32049e-15
1.31956e-16
7.67553e-16
-2.41579e-15
-4.51035e-15
-3.26194e-15
8.10835e-16
4.05836e-16
-4.26695e-16
-7.25289e-16
-4.66564e-15
-3.48378e-15
-1.16184e-15
-3.40595e-15
-2.40705e-15
-1.33344e-15
-4.55067e-15
-3.13396e-15
-3.08292e-15
-2.37594e-15
-9.6844e-16
3.50116e-15
5.78736e-15
3.11604e-15
-1.9043e-15
-1.5416e-15
-3.34335e-15
-2.49241e-15
1.93312e-16
-4.97654e-16
-3.75748e-15
-2.56084e-15
-6.76856e-16
-3.20961e-16
7.29242e-17
2.03744e-15
1.57489e-15
-2.7459e-15
-3.89021e-15
-1.68105e-15
-4.6039e-16
5.68157e-16
1.12972e-15
6.48342e-16
-5.18941e-15
-4.63063e-15
-1.09143e-15
9.99212e-16
5.29818e-15
3.97356e-15
-5.26995e-16
-1.40653e-15
-3.33945e-15
-1.90193e-15
1.4131e-15
4.21433e-15
1.69648e-15
-5.98534e-15
-7.55182e-15
-4.02602e-15
-1.05057e-15
-4.60505e-15
-9.22607e-15
-1.24473e-14
-1.51527e-14
-8.23141e-15
-1.29665e-15
5.27912e-15
5.91475e-15
-1.35904e-16
-3.49036e-15
-2.53157e-15
-2.45226e-15
-8.78094e-16
1.7859e-16
-1.10273e-15
-3.6681e-15
-1.08134e-14
-1.15162e-14
-7.70992e-15
-4.42302e-15
-1.00801e-14
-1.22082e-14
-1.63459e-14
-1.54469e-14
-9.58461e-15
-2.86368e-15
3.70137e-15
7.67914e-15
4.86067e-15
4.17311e-16
-4.50651e-15
-4.03543e-15
-1.2971e-15
-4.38587e-16
-2.81158e-15
-6.43055e-15
-1.17675e-14
-1.36546e-14
-1.13086e-14
-9.35559e-15
-8.25086e-15
-1.00205e-14
-1.42622e-14
-1.40573e-14
-1.43824e-14
-9.6873e-15
5.21789e-16
5.73284e-15
1.33661e-15
-3.1902e-15
-8.43876e-15
-6.51197e-15
-4.12903e-15
-1.61285e-15
-2.39047e-15
-5.39853e-15
-1.20127e-14
-1.44209e-14
-1.2139e-14
-1.01874e-14
-7.87481e-15
-6.32002e-15
-7.93306e-15
-1.04296e-14
-1.25326e-14
-1.14763e-14
-4.49602e-15
-3.93923e-15
-4.65802e-15
-8.00041e-15
-1.21686e-14
-9.64507e-15
-3.15717e-15
-1.58373e-15
-3.35792e-15
-6.53872e-15
-1.08565e-14
-1.19492e-14
-8.29552e-15
-3.58052e-15
-2.62564e-15
-1.52371e-15
-3.67491e-15
-5.13303e-15
-3.92128e-15
-5.54969e-15
-4.70521e-15
-6.54624e-15
-1.01608e-14
-1.3569e-14
-1.29748e-14
-9.34133e-15
-2.90233e-15
-2.28649e-16
3.6001e-17
-5.65398e-15
-4.4863e-15
-4.12669e-15
-5.30072e-15
-3.43191e-15
-1.57985e-15
-8.57392e-16
-1.39328e-15
-9.18382e-16
-1.30864e-15
-2.19819e-15
-9.86037e-16
-1.40602e-15
-5.63079e-15
-1.27994e-14
-1.10234e-14
-5.68974e-15
-2.46996e-15
-5.5068e-16
2.42734e-15
2.47151e-17
-2.77755e-15
-3.12591e-15
-3.88911e-15
-5.4414e-15
-4.69983e-15
-3.18351e-15
-3.02814e-15
1.9647e-16
1.51741e-15
1.30133e-16
1.40243e-15
1.23558e-15
1.48848e-15
-2.29943e-15
-5.10736e-15
-5.24311e-15
3.50428e-16
6.1365e-16
1.73073e-15
2.47e-16
-4.90571e-15
-4.69563e-15
-5.58043e-15
-9.87221e-15
-8.12539e-15
-6.00154e-15
-7.56544e-15
-3.35827e-15
1.27218e-15
2.42913e-15
5.69803e-15
5.67964e-15
4.4983e-15
6.48332e-15
3.92077e-15
-7.66948e-16
5.35995e-16
3.39965e-15
7.3184e-16
-3.90438e-15
-6.82848e-15
-7.61048e-15
-9.73133e-15
-1.10235e-14
-1.02439e-14
-5.63523e-15
-6.18637e-15
-5.62123e-15
-1.39029e-15
1.17941e-15
2.92071e-15
3.51432e-15
5.39107e-15
1.00817e-14
1.30829e-14
6.46351e-15
7.11e-16
-3.55265e-16
-3.11673e-15
-7.08783e-15
-4.47843e-15
-8.40863e-15
-8.83412e-15
-8.24394e-15
-6.30448e-15
-4.00032e-15
-2.29558e-15
-1.1728e-16
-2.69223e-15
-1.27246e-15
-1.84278e-15
-1.84735e-15
7.90655e-16
7.58431e-15
1.12752e-14
7.84651e-15
2.86049e-15
-1.69143e-15
-6.12679e-15
-8.09269e-15
-4.65434e-15
-3.93173e-15
-4.71573e-15
-5.36526e-15
-5.91126e-15
-1.57192e-15
4.42977e-15
8.20375e-15
3.53951e-15
-3.49114e-15
-4.41196e-15
-8.06713e-15
-5.58883e-15
1.89545e-15
7.45032e-15
7.73078e-15
2.76728e-15
-5.77495e-16
-3.8373e-15
-6.79347e-15
1.48613e-15
7.54428e-16
-1.56178e-15
-2.30388e-15
5.4626e-16
1.49637e-15
9.08522e-15
1.34001e-14
9.73166e-15
4.90378e-16
-2.74681e-15
-7.15883e-15
-2.37346e-15
3.0113e-15
6.16122e-15
8.63502e-15
1.31914e-15
-2.64201e-15
-2.25013e-15
-1.49329e-15
8.90023e-15
5.32822e-15
2.26798e-15
1.69133e-15
1.12156e-15
4.25328e-15
1.03361e-14
1.38782e-14
9.69556e-15
1.10647e-15
-3.4896e-15
-4.08108e-15
1.90446e-16
4.19002e-15
6.91072e-15
9.02999e-15
6.87182e-15
5.23248e-15
4.85736e-15
5.04447e-15
4.40931e-15
3.95195e-15
1.63052e-15
-3.25075e-15
-6.8496e-15
-3.76665e-15
2.62744e-15
6.02363e-15
4.75891e-15
9.95483e-16
-9.20516e-16
-6.67996e-18
3.71e-15
8.70111e-15
1.32771e-14
1.58095e-14
1.11713e-14
5.34046e-15
2.96066e-15
2.59336e-15
-5.19319e-15
-2.7545e-15
-5.92411e-15
-9.80952e-15
-1.1193e-14
-8.72383e-15
-8.47116e-15
-7.5509e-15
-5.6523e-15
-3.04462e-15
-1.35889e-16
2.77307e-15
3.46632e-15
4.4939e-15
5.71115e-15
4.14242e-15
-4.16373e-16
-3.36483e-15
-7.40581e-15
-7.55781e-15
-1.14757e-14
-1.06908e-14
-1.30842e-14
-1.69953e-14
-1.11387e-14
-8.99154e-15
-1.06832e-14
-8.00325e-15
-4.32562e-15
-2.36949e-15
1.39543e-15
4.59961e-15
3.53907e-15
1.35412e-15
9.53701e-16
-7.68005e-16
-4.47576e-15
-7.23887e-15
-9.84113e-15
-1.13927e-14
-1.00181e-14
-1.0999e-14
-1.0892e-14
-1.08886e-14
-7.94274e-15
-4.68391e-15
-2.43424e-15
-4.53462e-15
-4.51122e-15
-5.47984e-16
4.45454e-16
-9.91871e-16
8.3148e-16
-3.02747e-15
-5.63463e-15
-4.83414e-15
-7.2882e-15
-9.75303e-15
-1.03793e-14
-9.39485e-15
-6.01947e-15
-8.66486e-15
-8.92127e-15
-4.25688e-15
-1.04088e-15
4.49388e-16
1.75013e-15
-4.81148e-16
-2.88533e-15
-3.35059e-15
-1.3996e-15
-3.27767e-15
-1.97045e-15
-7.35794e-15
-8.99405e-15
-7.42456e-15
-6.85857e-15
-7.37389e-15
-3.30635e-15
-5.22554e-15
-3.7492e-15
-4.83323e-15
-5.33806e-15
-1.82323e-15
3.78859e-15
3.57135e-15
2.8672e-15
-1.22949e-15
-1.585e-15
-2.51847e-15
-2.94569e-15
-4.00368e-15
-4.22652e-15
-6.44168e-15
-3.00196e-15
-2.86357e-15
-1.30929e-15
-3.44859e-15
-6.6239e-16
-5.53232e-16
-4.45427e-15
-6.53564e-15
-1.83078e-15
-4.04831e-16
5.05487e-18
-1.59209e-16
-1.18058e-15
-6.48592e-15
-4.90924e-15
-1.26532e-15
-1.25776e-16
8.64381e-16
-7.3025e-16
-2.06155e-15
-1.68223e-15
-2.73037e-15
6.83696e-16
5.03392e-16
1.17659e-15
2.51224e-15
-9.80032e-15
-1.17818e-14
-6.59854e-15
-4.55664e-15
-5.82797e-15
-9.3048e-15
-1.32672e-14
-1.67774e-14
-7.18145e-15
1.09575e-15
5.22224e-15
4.84884e-15
2.14487e-16
-3.08561e-15
-3.97079e-15
-2.35479e-16
3.95036e-15
3.7534e-15
2.23155e-15
-3.16487e-15
-1.38922e-14
-1.46862e-14
-9.58983e-15
-6.47965e-15
-8.17781e-15
-1.05014e-14
-1.51041e-14
-1.60486e-14
-8.2818e-15
4.85133e-16
6.35328e-15
6.67537e-15
3.24649e-15
-9.06817e-16
-2.26026e-15
-2.16327e-15
2.37633e-15
1.74475e-15
-1.64972e-15
-8.17314e-15
-1.60662e-14
-1.97795e-14
-1.35927e-14
-8.06553e-15
-4.22626e-15
-6.90952e-15
-1.04117e-14
-1.29062e-14
-1.18679e-14
-6.27404e-15
5.51814e-15
6.60605e-15
2.24002e-15
-5.45816e-15
-4.92274e-15
-2.12239e-15
-1.78497e-16
1.5392e-15
-4.38646e-15
-1.02353e-14
-1.47463e-14
-1.62373e-14
-1.21511e-14
-6.58227e-15
-3.90662e-15
-3.13137e-15
-4.58125e-15
-1.28213e-14
-1.08891e-14
-6.36e-15
-2.57309e-15
-2.55653e-16
-3.39632e-15
-9.0585e-15
-1.1922e-14
-7.04922e-15
-1.85656e-16
8.05012e-16
-3.50809e-15
-1.08882e-14
-1.11952e-14
-1.26801e-14
-7.57656e-15
-2.47551e-15
-4.93469e-16
8.53064e-16
2.87336e-16
-4.91466e-15
-2.26595e-15
-7.70459e-16
-2.80037e-15
-5.70269e-15
-9.32749e-15
-1.5031e-14
-1.63148e-14
-9.94208e-15
-5.31508e-15
-3.30428e-15
-1.63336e-15
-7.45826e-15
-6.85936e-15
-6.07879e-15
-3.47748e-15
2.26531e-16
2.62768e-15
2.90823e-15
2.34243e-15
7.29407e-16
3.42043e-15
2.88054e-15
3.13122e-16
-3.08213e-15
-4.42596e-15
-1.28679e-14
-1.32169e-14
-6.10597e-15
-2.29299e-15
-4.20635e-15
-1.18844e-15
-4.5876e-15
-5.90179e-15
-5.44403e-15
-9.03126e-17
8.81953e-16
-1.21253e-15
-1.72431e-15
-2.39804e-16
3.57831e-15
4.59748e-15
3.72035e-15
3.5763e-15
2.74747e-15
4.97233e-15
-1.25325e-15
-6.6812e-15
-5.38582e-15
-2.57893e-15
-2.07475e-15
-2.94937e-15
-4.64267e-15
-7.04963e-15
-2.9811e-15
1.28162e-15
-2.62052e-15
-4.59302e-15
-7.06222e-15
-4.61833e-15
1.72605e-16
4.56617e-15
4.91936e-15
7.76441e-15
8.63267e-15
1.2068e-14
1.16677e-14
9.28902e-15
3.27031e-15
-1.04459e-15
3.36155e-17
-4.27138e-15
-7.71699e-15
-3.94028e-15
-6.5082e-16
-1.27313e-15
-4.3053e-15
-4.23931e-15
-5.31217e-15
-5.82195e-15
-2.48326e-15
5.97886e-16
4.57765e-15
5.71121e-15
7.09456e-15
1.47454e-14
1.85529e-14
2.01725e-14
1.38827e-14
5.04435e-15
-1.36823e-15
-5.99645e-15
-7.06109e-15
-1.52962e-15
-2.13068e-15
-3.48399e-15
-5.55522e-15
-1.34795e-15
-1.56477e-15
-1.29449e-15
1.79273e-15
1.94533e-15
3.89887e-15
3.89679e-15
4.64492e-15
1.01846e-14
1.36493e-14
1.58188e-14
1.58687e-14
6.60991e-15
-3.00894e-15
-7.34739e-15
-6.87618e-15
7.64682e-16
2.6281e-15
1.3863e-15
-2.39609e-15
-6.69616e-16
2.44896e-15
6.018e-15
1.079e-14
9.27522e-15
2.8921e-15
3.08024e-16
-1.78004e-15
1.32797e-15
6.85717e-15
1.23435e-14
1.13621e-14
5.70193e-15
-1.64668e-15
-2.31185e-15
-2.61442e-15
7.06938e-15
7.43191e-15
6.43835e-15
3.8995e-15
5.01638e-15
5.8946e-15
1.15023e-14
1.33132e-14
1.11717e-14
4.37265e-15
1.42898e-15
-1.16488e-15
-1.84862e-15
5.80019e-15
1.16558e-14
9.745e-15
3.75611e-15
9.60871e-17
1.60038e-15
4.17899e-15
8.39028e-15
8.50273e-15
5.89329e-15
5.01643e-15
4.43e-15
5.35596e-15
9.43898e-15
1.07883e-14
9.65403e-15
4.9309e-15
8.14419e-16
-8.28889e-16
-1.62444e-15
3.61857e-15
8.35971e-15
5.39929e-15
4.39797e-15
7.14559e-15
5.99858e-15
6.30461e-15
5.00598e-15
5.60561e-15
4.16585e-15
-1.37993e-15
-5.40746e-15
-3.30032e-15
7.96019e-16
9.99931e-16
3.17379e-15
3.74861e-15
-9.4124e-16
-1.36497e-15
7.111e-16
5.5801e-15
7.53833e-15
8.48553e-15
3.97538e-15
4.75075e-15
6.27683e-16
1.15076e-15
-2.36835e-15
-5.69817e-15
-7.18033e-15
-7.86531e-15
-8.75247e-15
-1.03567e-14
-8.3273e-15
-8.42765e-15
-8.11518e-15
-5.54044e-15
-3.5177e-15
-8.42101e-16
-3.06232e-16
-2.55293e-15
-4.43268e-15
-4.03882e-15
-8.71573e-15
-9.20921e-15
-9.29891e-15
-4.0246e-15
-1.03251e-14
-1.06679e-14
-1.30264e-14
-1.1872e-14
-7.73114e-15
-1.08645e-14
-1.03917e-14
-6.6334e-15
-4.73883e-15
-2.29665e-15
-1.936e-15
1.8234e-15
1.82209e-15
-3.45901e-15
-6.38763e-15
-9.39583e-15
-1.01049e-14
-1.00737e-14
-9.56267e-15
-7.76276e-15
-1.00426e-14
-1.10903e-14
-8.3212e-15
-3.10759e-15
-2.01972e-15
-3.79743e-15
-1.27999e-15
-1.55148e-15
-2.92769e-15
-2.16597e-15
-2.11816e-15
-6.94935e-16
-1.16057e-15
-7.36268e-15
-1.20281e-14
-1.20454e-14
-1.04884e-14
-1.15165e-14
-7.0919e-15
-4.73315e-15
-5.27194e-15
-6.93487e-15
-3.08985e-15
4.75775e-15
7.84119e-15
6.45214e-15
3.68774e-15
1.68887e-16
-1.49601e-15
-6.06766e-15
-2.7881e-15
-2.6001e-16
-2.57661e-15
-8.51769e-15
-1.22005e-14
-1.0153e-14
-7.26018e-15
-6.98811e-15
-2.69216e-15
-3.14616e-15
-2.64254e-15
-3.23084e-15
1.3108e-15
6.21806e-15
1.11074e-14
8.39447e-15
1.61653e-15
-4.23635e-15
-5.42532e-15
-7.87097e-15
-3.2988e-15
-9.35815e-16
-4.69516e-15
-6.60197e-15
-7.9332e-15
-6.8692e-15
8.41079e-16
-5.02407e-16
1.04032e-15
-1.97511e-15
-4.44947e-15
-7.08601e-15
-1.02431e-15
2.55162e-15
6.97902e-15
4.63554e-15
-2.79016e-15
-9.05841e-15
-8.9276e-15
-5.41526e-15
2.40913e-15
3.35054e-15
-2.1456e-15
-2.02284e-15
-5.57528e-15
-4.6906e-15
3.05753e-15
5.1342e-15
4.44943e-15
5.75829e-16
-7.48277e-15
-8.46055e-15
-6.19698e-15
-3.98914e-16
2.0566e-15
-2.03652e-15
-1.00345e-14
-1.32994e-14
-8.45197e-15
-9.46531e-16
9.67241e-15
1.04951e-14
3.02738e-15
-3.08846e-15
-6.08829e-15
-1.1314e-15
7.88244e-15
7.0528e-15
4.4681e-15
-3.47002e-15
-1.24021e-14
-1.14495e-14
-9.10606e-15
-1.99955e-15
4.43714e-16
-4.89172e-15
-1.15305e-14
-1.46153e-14
-7.79329e-15
3.9778e-15
1.10555e-14
1.05055e-14
6.08434e-15
-1.80024e-16
-1.68349e-15
-9.98359e-16
6.22175e-15
6.6646e-15
6.78227e-16
-6.27463e-15
-1.60135e-14
-1.46227e-14
-1.00931e-14
4.89313e-16
4.39909e-15
1.3071e-15
-4.93429e-15
-1.03953e-14
-8.30398e-15
7.06615e-16
7.82482e-15
8.46684e-15
3.9252e-15
-4.42754e-15
-2.64913e-15
3.32901e-17
5.46786e-15
5.97268e-15
3.62942e-16
-8.79606e-15
-1.23737e-14
-1.06571e-14
-4.96246e-15
3.24155e-15
9.85765e-15
7.60759e-15
-7.47313e-16
-8.544e-15
-6.07732e-15
-2.61371e-15
2.04207e-15
4.66598e-15
-8.65565e-16
-8.4499e-15
-1.12935e-14
-3.14615e-15
1.4167e-15
5.20115e-15
3.07932e-15
-6.4113e-15
-6.87823e-15
-5.45243e-15
-3.234e-15
4.38666e-15
9.84112e-15
9.78492e-15
2.81765e-15
-1.02289e-15
1.79282e-15
1.05411e-16
-1.11313e-15
-4.85656e-15
-1.03155e-14
-1.21484e-14
-1.63463e-14
-1.06332e-14
-2.16232e-15
1.72964e-15
2.66449e-15
-3.70742e-15
-4.42938e-15
-1.9982e-15
2.24905e-15
8.73035e-15
1.04114e-14
7.10028e-15
5.1089e-15
4.38131e-15
7.02158e-15
6.14395e-15
-6.96806e-16
-5.02695e-15
-1.02592e-14
-1.21807e-14
-1.25519e-14
-9.38063e-15
-1.26383e-15
2.19372e-16
-1.55692e-15
-6.30444e-15
-4.5854e-15
-1.86501e-15
6.18955e-15
9.16758e-15
6.78191e-15
1.26121e-15
1.55431e-15
3.95999e-15
6.65954e-15
5.74326e-15
1.61228e-15
9.78175e-16
-1.07433e-15
-5.5526e-15
-6.36352e-15
-5.44254e-15
-3.67366e-15
-1.20017e-15
-5.86077e-15
-7.26006e-15
-7.77341e-15
-2.64897e-15
5.12815e-15
5.98562e-15
2.78928e-15
-4.30675e-15
-4.66356e-15
2.31457e-16
4.28535e-15
4.03518e-15
9.70305e-15
1.03422e-14
9.16343e-15
6.66008e-15
6.73657e-15
3.12175e-15
-6.164e-16
-1.25905e-15
-5.04178e-15
-8.97622e-15
-7.24506e-15
-2.42658e-15
2.25281e-15
1.87948e-15
-3.49727e-16
-6.27525e-15
-5.26206e-15
-3.32878e-15
-2.33109e-16
4.3223e-15
7.98573e-15
8.95328e-15
1.23303e-14
1.46473e-14
1.68069e-14
1.39705e-14
5.9813e-15
-1.90232e-15
-7.73275e-15
-1.05122e-14
-3.29655e-15
6.8393e-17
2.3315e-16
-5.07898e-16
7.15917e-16
-1.69674e-15
-9.57221e-16
1.70668e-16
-3.40091e-16
2.81043e-15
4.4667e-15
4.48221e-15
1.06397e-14
1.13759e-14
1.80606e-14
1.74641e-14
6.40264e-15
-4.18958e-15
-1.01009e-14
-9.03324e-15
2.21506e-15
5.41575e-15
5.86811e-15
4.56173e-15
3.01737e-15
3.8559e-15
6.24125e-15
7.51338e-15
8.43473e-15
5.08828e-15
1.71681e-15
-1.11021e-15
1.1579e-15
3.391e-15
1.06929e-14
7.25143e-15
-1.75788e-16
-5.83158e-15
-5.19977e-15
-3.35966e-15
1.02367e-14
9.5264e-15
9.14623e-15
8.6378e-15
7.22431e-15
6.86393e-15
6.93951e-15
8.03571e-15
8.52338e-15
2.26775e-15
-2.29241e-15
-2.97423e-15
-4.33848e-15
1.38208e-15
6.59381e-15
1.54225e-15
-2.53135e-15
-3.72816e-15
-6.35026e-16
5.13532e-15
1.05361e-14
9.26552e-15
5.00528e-15
5.95712e-15
5.93281e-15
2.55578e-15
2.57656e-15
4.86152e-15
3.74577e-15
6.70437e-16
-4.77984e-15
-5.17062e-15
-4.04029e-15
-1.72501e-16
3.14569e-15
-8.78524e-16
-2.19846e-15
-1.35501e-15
-1.44633e-15
5.72717e-15
6.48609e-15
5.10217e-15
1.99478e-15
3.41334e-16
-3.61406e-15
-5.25921e-15
-3.09057e-15
-3.91161e-15
-1.62719e-15
-1.43526e-15
-6.03066e-15
-4.35589e-15
-2.78988e-15
2.12965e-17
-4.83142e-16
-1.95574e-15
-4.07944e-15
-5.47189e-15
-3.92361e-15
2.30525e-15
-3.8633e-15
-6.20289e-15
-5.91596e-15
-4.858e-15
-6.04685e-15
-1.01057e-14
-9.19331e-15
-7.57191e-15
-7.57219e-15
-3.17121e-15
-6.35164e-16
-1.37422e-15
-2.8321e-15
-3.06878e-15
-4.37407e-15
-4.8931e-15
-6.88532e-15
-8.05245e-15
-7.15107e-15
-4.29929e-15
-1.71043e-15
-2.26835e-15
-4.9316e-15
-3.19905e-15
-1.15989e-15
-3.02127e-15
-5.89771e-15
-6.70874e-15
-7.32439e-15
-3.13832e-15
-7.38394e-16
9.97978e-16
1.04829e-15
-3.89308e-15
-6.41778e-15
-8.7657e-15
-6.66954e-15
-5.66359e-15
-3.40353e-15
-1.64235e-15
8.45873e-16
-1.43429e-15
8.46782e-16
2.52457e-15
4.51469e-15
8.01294e-15
2.91053e-15
6.29852e-16
-1.59719e-15
-2.60571e-15
1.68614e-15
2.06019e-15
1.25977e-16
-5.48635e-15
-7.50037e-15
-8.09532e-15
-3.58691e-15
-2.62294e-15
9.58543e-16
1.85166e-15
1.15922e-15
-3.73297e-16
4.08934e-15
1.10268e-14
1.30346e-14
1.38167e-14
9.35667e-15
2.8508e-15
-5.7137e-16
-3.93691e-15
1.37975e-15
2.38926e-15
-7.33423e-16
-3.56839e-15
-7.37839e-15
-5.04454e-15
-1.57957e-15
1.08154e-15
2.81133e-15
1.6794e-15
2.47685e-15
3.02208e-15
6.20919e-15
9.84258e-15
1.31904e-14
1.12574e-14
4.7195e-15
-1.75246e-15
-5.34002e-15
-7.25865e-15
-2.64835e-15
-1.94343e-15
-4.56281e-15
-5.04244e-15
-7.05025e-15
-4.82324e-15
1.22225e-15
3.6032e-15
5.77085e-15
4.26594e-15
-2.7546e-15
-3.74621e-15
1.75647e-15
3.57726e-15
8.54478e-15
5.37112e-15
-2.51796e-15
-7.19007e-15
-8.3087e-15
-6.53213e-15
-1.10733e-15
1.46709e-15
-3.97124e-15
-4.39516e-15
-5.2618e-15
-1.20652e-15
5.09739e-15
8.02005e-15
8.73976e-15
3.22534e-15
-5.69753e-15
-5.99286e-15
-2.02738e-15
3.7687e-15
7.01336e-15
2.19022e-15
-5.42071e-15
-8.26694e-15
-7.25526e-15
-1.2979e-15
7.17108e-15
9.5571e-15
4.22047e-15
-1.67035e-15
-2.31496e-15
1.98168e-15
8.20309e-15
8.14482e-15
6.14502e-15
-1.7879e-15
-7.01836e-15
-7.94397e-15
-5.30226e-15
4.64597e-15
6.76277e-15
-4.25314e-16
-6.94002e-15
-1.22128e-14
-6.3882e-15
5.64429e-15
1.18254e-14
1.08198e-14
8.47183e-15
2.7525e-15
1.01013e-15
2.96886e-15
1.03727e-14
1.06273e-14
5.1833e-15
-1.35766e-15
-7.84476e-15
-7.80878e-15
-6.20639e-16
1.03293e-14
1.22746e-14
5.35137e-15
-1.89671e-15
-6.65998e-15
-5.46716e-15
3.64833e-15
9.63264e-15
8.16697e-15
3.91931e-15
-3.44405e-16
6.0412e-16
3.33868e-15
1.17589e-14
1.48113e-14
9.3344e-15
1.01777e-15
-2.52215e-15
-6.10382e-16
7.62021e-15
1.64937e-14
2.02527e-14
1.41947e-14
5.54831e-15
-8.07254e-16
-1.42997e-15
4.38045e-16
2.08486e-15
2.44398e-16
-2.166e-15
-5.608e-15
-4.83628e-15
2.92131e-15
9.39916e-15
1.12547e-14
9.7973e-15
2.0877e-15
-1.08741e-15
1.44388e-15
6.83507e-15
1.68523e-14
2.3266e-14
1.75678e-14
9.97932e-15
3.75075e-15
1.05421e-15
1.11231e-15
-2.32969e-15
-6.40837e-15
-1.07538e-14
-1.01832e-14
-1.13259e-14
-7.21741e-15
1.61979e-15
6.70484e-15
5.97483e-15
-2.42267e-15
5.24918e-17
3.93517e-15
9.75654e-15
1.81161e-14
1.85793e-14
9.31707e-15
6.23477e-15
3.43573e-15
2.98146e-15
2.59601e-15
-3.12555e-15
-7.42573e-15
-1.23463e-14
-1.02232e-14
-9.49725e-15
-9.06529e-15
-1.74713e-15
2.43069e-15
2.25294e-16
-3.55129e-15
-1.91172e-15
5.50551e-15
1.08641e-14
1.30307e-14
7.58407e-15
2.02599e-16
-6.02248e-16
-2.43418e-16
2.8655e-15
1.59845e-15
-7.71323e-16
-1.94339e-15
-4.66004e-15
-5.87503e-15
-2.76983e-15
-4.13427e-15
-1.98179e-15
-4.02153e-15
-5.58115e-15
-3.76734e-15
-6.99206e-15
1.7436e-15
1.07888e-14
9.60487e-15
2.16223e-15
-3.00013e-15
-6.68344e-15
-1.98413e-15
3.31628e-15
3.47401e-15
6.61974e-15
6.65149e-15
6.82068e-16
1.45114e-16
2.69922e-15
3.7277e-16
-1.39025e-15
-3.30745e-15
-8.08454e-15
-8.18226e-15
-8.75052e-15
-8.69589e-16
4.25778e-15
4.87149e-15
-6.22069e-16
-8.1112e-15
-7.90114e-15
-4.86963e-15
5.6766e-16
2.82227e-15
5.46871e-15
5.24213e-15
3.04056e-15
3.44399e-15
7.13992e-15
7.46292e-15
1.02203e-15
-2.13902e-15
-8.84768e-15
-9.06377e-15
-3.18922e-15
3.39579e-16
2.5397e-15
-2.34956e-16
-1.69939e-15
-7.42269e-15
-3.27389e-15
-1.2511e-15
-1.7429e-15
1.07684e-15
2.55715e-15
-5.66121e-16
4.97829e-16
2.85276e-15
8.29382e-15
1.05687e-14
3.43084e-15
-4.70902e-15
-7.00282e-15
-7.06289e-15
3.12078e-15
4.80616e-15
7.40747e-15
4.73572e-15
1.40079e-15
-1.03274e-16
1.99873e-15
3.50358e-15
4.82589e-15
2.32256e-15
2.64211e-15
-5.18898e-15
-6.3309e-15
-2.00916e-15
1.02781e-15
1.08376e-15
-2.84102e-15
-5.8673e-15
-6.23087e-15
-3.04905e-15
1.10268e-14
8.20739e-15
6.63225e-15
6.81398e-15
2.1756e-15
2.05904e-16
2.341e-16
1.7762e-15
4.16662e-15
1.49172e-15
-2.82517e-15
-9.13073e-15
-9.35471e-15
-8.02444e-15
-6.58949e-15
-9.28416e-15
-7.78734e-15
-8.39904e-15
-3.53672e-15
6.22358e-15
1.20439e-14
7.57933e-15
4.76752e-15
4.18136e-15
2.1246e-15
-8.93166e-16
-3.88256e-15
-3.34714e-15
-1.33221e-15
-4.59528e-16
-6.39458e-15
-8.9423e-15
-8.88056e-15
-7.65048e-15
-8.60523e-15
-9.863e-15
-7.88958e-15
-8.47502e-15
-4.09033e-15
8.0935e-15
4.51827e-15
2.53061e-15
2.4866e-17
-5.22803e-16
-4.37863e-15
-6.22591e-15
-5.19171e-15
-5.76992e-15
-6.44312e-15
-2.19084e-15
-2.95775e-15
-6.57419e-15
-6.85631e-15
-4.28917e-15
-5.26807e-15
-5.65815e-15
-8.21842e-15
-8.76644e-15
-4.18851e-15
3.49481e-15
2.10596e-15
-2.01321e-15
-6.65794e-15
-4.64246e-15
-2.50585e-15
-8.83993e-15
-1.12754e-14
-1.03776e-14
-8.04964e-15
-1.81002e-15
1.45572e-15
2.45669e-15
1.07257e-15
-1.02204e-15
-4.03688e-15
-4.00867e-15
-3.58296e-15
-4.52381e-15
-3.36726e-16
9.2674e-16
5.74564e-15
2.68199e-15
-5.9077e-16
2.37287e-15
6.39041e-15
4.60658e-15
-2.23382e-15
-4.29091e-15
-6.56553e-15
-1.22199e-15
3.54398e-15
5.88492e-15
5.12043e-15
2.93859e-15
-1.42851e-15
-2.57432e-15
-1.05026e-15
2.34913e-15
3.25909e-15
6.18941e-15
6.71019e-15
5.14609e-15
7.66271e-15
1.06677e-14
1.10224e-14
1.45051e-14
9.24702e-15
5.07681e-15
2.42703e-15
3.92552e-16
4.83335e-15
7.81297e-15
4.91089e-15
1.61719e-15
2.05507e-16
-1.03448e-15
7.50347e-16
7.07784e-15
9.14591e-15
8.44621e-15
6.36543e-15
6.32632e-15
1.21131e-14
1.84109e-14
1.78395e-14
1.85421e-14
1.20452e-14
6.81691e-15
9.52135e-16
-1.75293e-15
3.31062e-15
3.81615e-15
1.22932e-15
7.9995e-16
-4.24926e-16
-7.35358e-16
2.39666e-15
9.1467e-15
1.05669e-14
7.12408e-15
7.58049e-15
5.88637e-15
1.10253e-14
1.66469e-14
1.74949e-14
1.33812e-14
6.61715e-15
-1.52768e-15
-5.44331e-15
-4.69967e-15
-1.40323e-15
-1.17817e-15
-4.05868e-15
-3.05033e-15
-4.09973e-15
-1.97109e-15
4.50688e-15
1.0335e-14
1.11463e-14
1.01872e-14
1.35696e-15
-1.09476e-15
4.44444e-15
6.93846e-15
9.1226e-15
7.05588e-15
-1.98543e-15
-9.65252e-15
-1.00633e-14
-8.34332e-15
-2.97552e-15
1.44213e-15
-1.51854e-15
-3.92557e-15
-4.20107e-15
1.83975e-15
8.64014e-15
1.29503e-14
1.20925e-14
7.29156e-15
-4.13939e-15
-6.96892e-15
-1.67304e-15
3.74794e-15
3.06345e-15
1.97216e-15
-4.0934e-15
-9.36505e-15
-7.80748e-15
-1.39634e-15
3.76321e-15
7.66172e-15
5.28852e-15
-2.29971e-15
-2.34991e-15
5.06168e-15
7.78218e-15
9.36553e-15
6.2129e-15
2.51457e-15
-7.18597e-15
-7.63788e-15
-1.28341e-15
7.47035e-15
5.78975e-15
3.49296e-17
-6.80525e-15
-8.68501e-15
-3.8398e-15
8.03446e-15
1.28294e-14
1.19938e-14
5.38611e-15
-8.89849e-16
1.81104e-15
6.52097e-15
1.20288e-14
1.02168e-14
5.53519e-15
-1.22485e-15
-3.37834e-15
-3.05927e-15
7.18797e-15
1.60739e-14
1.5322e-14
5.05657e-15
-2.67417e-16
-1.59768e-15
-2.14175e-18
8.6713e-15
1.11575e-14
9.85948e-15
3.67628e-15
-3.28374e-15
4.90705e-16
5.25407e-15
1.46832e-14
1.72232e-14
1.02226e-14
3.34117e-15
3.95593e-15
6.31878e-15
1.56215e-14
1.99957e-14
1.80547e-14
1.25773e-14
8.30204e-15
3.51272e-15
3.8443e-15
6.47748e-15
2.76851e-15
1.44362e-15
-2.20316e-15
-5.48095e-15
-4.05204e-15
4.0725e-15
1.31313e-14
1.64003e-14
1.23067e-14
7.92895e-15
4.5918e-15
9.72628e-15
1.61651e-14
2.00085e-14
2.05721e-14
1.50253e-14
1.12895e-14
4.55869e-15
2.63101e-15
3.3005e-15
-2.02477e-15
-5.45112e-15
-7.72684e-15
-9.26069e-15
-7.65795e-15
-8.8182e-16
6.83444e-15
1.27232e-14
8.54949e-15
4.3441e-15
1.37357e-15
1.00881e-14
1.54617e-14
1.8799e-14
1.81161e-14
8.13187e-15
2.43117e-15
-1.09828e-15
-3.92774e-16
7.33727e-16
-4.14426e-15
-6.4989e-15
-1.0276e-14
-1.11245e-14
-7.45347e-15
-3.00538e-15
2.85981e-15
5.71958e-15
5.03234e-15
1.80234e-15
-2.25487e-15
6.6641e-15
1.22737e-14
1.33948e-14
8.66405e-15
5.20889e-16
-6.03715e-15
-6.18772e-15
-2.11425e-15
-4.76129e-16
-3.46765e-15
-7.11219e-15
-6.35622e-15
-7.60063e-15
-5.4467e-15
-5.19182e-17
3.04623e-15
-2.13609e-15
-4.65563e-15
-3.96977e-15
-5.99984e-15
1.28757e-15
7.03472e-15
6.84983e-15
1.0071e-15
-4.16552e-15
-9.38967e-15
-8.42397e-15
-9.64424e-16
1.38931e-15
1.06931e-15
-9.59451e-16
-2.28741e-15
-1.52841e-15
-1.49926e-15
2.40798e-15
3.45417e-15
-4.80745e-15
-8.16919e-15
-9.65118e-15
-7.03279e-15
-2.51375e-15
5.08639e-15
2.01449e-15
-2.77512e-15
-9.28887e-15
-1.18212e-14
-8.57713e-15
-1.81121e-15
3.45122e-15
1.66986e-15
1.26257e-15
-1.06776e-15
-2.17929e-15
4.43837e-16
2.65458e-15
1.06999e-15
-2.41588e-15
-5.32812e-15
-6.71485e-15
-4.79989e-15
-3.35223e-15
6.36299e-16
-7.58919e-16
-1.02301e-15
-8.36797e-15
-7.97017e-15
-4.37382e-15
4.36523e-16
2.89767e-15
6.28749e-16
-4.3339e-15
-1.84975e-15
-3.10696e-15
-2.08834e-15
2.17801e-15
-9.42541e-16
-1.89129e-15
1.64463e-15
-1.60791e-15
3.03062e-15
2.30206e-15
3.72461e-15
3.7668e-15
4.37061e-15
-2.07289e-15
-2.11362e-15
8.42524e-16
3.279e-15
7.76498e-16
4.64565e-16
-6.98247e-15
-9.43212e-15
-8.17549e-15
-6.61062e-15
-4.0411e-15
-5.76838e-15
-4.57638e-15
1.31956e-15
3.43587e-15
9.33273e-15
4.94337e-15
3.95495e-15
3.69268e-15
2.66418e-15
3.71306e-16
-2.64726e-15
-9.05307e-16
1.73891e-15
-2.38703e-15
-5.98581e-15
-8.88041e-15
-1.12888e-14
-1.16433e-14
-1.10594e-14
-1.17042e-14
-1.24719e-14
-1.00952e-14
-1.06166e-15
9.48392e-15
7.83811e-15
4.93584e-15
5.2671e-16
-3.31728e-18
-5.75655e-16
-3.4302e-15
-7.24885e-15
-9.65221e-15
-6.42584e-15
-4.49369e-15
-5.76576e-15
-8.36362e-15
-8.7359e-15
-9.58576e-15
-1.16193e-14
-1.28508e-14
-1.21521e-14
-8.99868e-15
1.16012e-15
9.06867e-15
1.9155e-15
1.5158e-15
-2.38453e-15
-4.82743e-15
-7.79747e-15
-9.53811e-15
-1.21707e-14
-1.17535e-14
-1.00919e-14
-5.72032e-15
-3.60282e-15
-2.83766e-15
-4.06351e-15
-4.66342e-15
-6.58912e-15
-7.36958e-15
-9.16961e-15
-7.48274e-15
2.66611e-15
5.5011e-15
3.63923e-15
1.8513e-16
-2.79694e-15
-2.34259e-15
7.21533e-16
-7.34174e-15
-1.09233e-14
-1.13108e-14
-7.72199e-15
-2.54078e-15
5.21434e-16
8.51451e-15
1.0098e-14
6.09191e-15
2.16165e-15
1.37507e-15
-4.10324e-16
1.18186e-15
4.17406e-15
6.82494e-15
5.42905e-15
2.28133e-15
1.97803e-15
4.71101e-15
7.01309e-15
3.2868e-15
-1.35835e-15
-3.67964e-15
-5.26487e-15
-1.5679e-15
5.20932e-15
1.39309e-14
1.29464e-14
1.19393e-14
7.83938e-15
2.46074e-15
5.15502e-15
7.37349e-15
7.2507e-15
6.88076e-15
7.10707e-15
7.81782e-15
1.0161e-14
1.24612e-14
1.38968e-14
1.33492e-14
6.96882e-15
3.68361e-15
1.00075e-15
-1.10323e-15
4.54474e-15
1.15071e-14
1.18704e-14
1.09666e-14
6.2452e-15
3.92557e-15
5.85938e-15
7.72329e-15
8.04954e-15
6.59051e-15
7.8911e-15
9.16918e-15
1.27693e-14
1.85689e-14
2.10758e-14
1.97384e-14
1.12066e-14
4.11923e-15
-1.89856e-15
-4.51374e-15
5.88909e-16
3.16475e-15
5.00852e-15
4.31368e-15
2.592e-15
4.38027e-15
7.36289e-15
1.12496e-14
1.11118e-14
7.61115e-15
7.03623e-15
6.60731e-15
9.44622e-15
1.58045e-14
1.64815e-14
1.33177e-14
7.97205e-15
-3.5621e-15
-6.59543e-15
-5.70448e-15
-1.16196e-15
-8.70794e-16
-2.66334e-15
-4.10631e-15
-5.89312e-15
1.81944e-15
8.22269e-15
1.30648e-14
1.19649e-14
9.03021e-15
6.3625e-16
-1.74626e-15
2.54692e-15
6.75079e-15
7.45366e-15
7.24518e-15
-7.80586e-16
-1.08841e-14
-1.18303e-14
-6.93346e-15
-6.20123e-16
2.97818e-15
1.38001e-16
-7.14381e-15
-8.71084e-15
-1.94577e-15
6.54732e-15
1.03891e-14
1.00583e-14
6.36595e-15
-6.96293e-15
-8.51069e-15
-4.2289e-15
1.41421e-16
5.02148e-16
-2.24557e-15
-8.13097e-15
-1.41101e-14
-1.03365e-14
-8.66227e-16
5.54293e-15
7.54933e-15
4.17667e-15
-3.18626e-15
-6.77466e-15
-1.74773e-15
9.9867e-16
3.90728e-15
4.92581e-15
1.67269e-15
-7.55988e-15
-7.85314e-15
-3.04009e-15
-6.90816e-18
-6.238e-17
-4.84591e-15
-1.17583e-14
-1.14069e-14
-3.47409e-15
9.74433e-15
1.31586e-14
1.29647e-14
4.79567e-15
-3.82392e-15
-3.80803e-15
1.80052e-15
2.88966e-15
4.87698e-15
4.07296e-15
-9.79509e-16
-6.64817e-15
-4.09117e-15
6.47079e-15
9.79113e-15
7.38194e-15
-7.44338e-17
-6.9746e-15
-5.97563e-15
2.34413e-15
1.13868e-14
1.38705e-14
1.30551e-14
2.64183e-15
-3.15494e-15
-2.22536e-15
2.99411e-15
8.53981e-15
1.01837e-14
7.72205e-15
2.44479e-15
1.39178e-15
4.42858e-15
1.29653e-14
1.60318e-14
1.36903e-14
7.37048e-15
9.47263e-17
-1.55919e-15
3.16069e-15
8.42939e-15
4.78245e-15
6.10616e-15
1.15648e-15
-4.30164e-15
-2.87704e-15
5.22289e-15
1.26898e-14
1.27582e-14
1.06213e-14
8.61771e-15
6.0566e-15
1.16319e-14
1.67961e-14
1.70063e-14
1.50919e-14
9.65807e-15
5.59826e-15
6.10652e-17
-8.00222e-17
3.23234e-15
1.10019e-16
-8.52408e-16
9.73836e-16
-3.80274e-15
-2.81543e-15
3.11794e-15
1.07455e-14
1.42195e-14
1.18366e-14
9.40748e-15
3.12636e-15
1.10576e-14
1.3548e-14
1.2776e-14
1.18938e-14
4.65505e-15
-1.01402e-15
-6.07675e-15
-4.93423e-15
-9.40852e-16
-1.62362e-15
-5.17448e-15
-2.49507e-15
-4.11291e-15
-2.44174e-15
3.44248e-15
8.72019e-15
1.00866e-14
5.05124e-15
1.57835e-15
-5.44767e-15
3.49594e-15
7.11406e-15
9.13578e-15
5.22478e-15
-2.26726e-15
-8.68286e-15
-1.39706e-14
-9.96779e-15
-1.20823e-15
-2.31162e-15
-5.7726e-15
-4.52065e-15
-2.79369e-15
-6.25192e-16
6.70246e-15
8.00682e-15
4.31584e-15
-2.15099e-15
-8.5927e-15
-9.24153e-15
-6.64289e-15
-1.90961e-15
1.53719e-15
-3.46927e-15
-7.99638e-15
-1.43629e-14
-1.38516e-14
-1.07464e-14
-3.14218e-15
-3.60408e-15
-5.76617e-15
-3.63549e-15
-2.88751e-15
-3.48526e-16
4.44611e-15
4.77501e-15
-2.18652e-16
-4.60738e-15
-8.9835e-15
-7.10545e-15
-6.72691e-15
-3.15648e-15
-3.57626e-15
-8.60335e-15
-1.02282e-14
-1.11928e-14
-8.28931e-15
-3.47949e-15
1.82289e-15
-7.69008e-16
-1.16165e-15
-2.9845e-15
-3.76725e-15
-3.09734e-15
-2.3522e-16
1.13146e-15
-1.95737e-15
-2.2623e-15
-5.2001e-15
-3.66144e-15
-4.85144e-15
-4.11441e-15
-4.13608e-15
-6.02582e-15
-5.48092e-15
-2.01712e-15
-4.77791e-16
3.80994e-15
6.01047e-15
-6.10365e-16
-4.17714e-15
-5.62248e-15
-5.75743e-15
-5.11739e-15
-1.45117e-15
-5.53449e-16
1.27435e-15
3.96769e-15
1.25931e-15
7.46306e-15
2.4665e-15
-8.85332e-16
-2.15434e-15
-1.83932e-15
-8.10206e-16
1.65965e-15
3.1961e-15
6.79031e-15
5.10912e-15
4.85646e-16
-5.31685e-15
-8.31163e-15
-1.02092e-14
-8.49984e-15
-5.32274e-15
-4.33892e-15
-4.34946e-16
6.54402e-15
7.00514e-15
1.17585e-14
4.0596e-15
2.63277e-16
1.24615e-15
1.78306e-15
-1.91339e-15
-2.14957e-16
3.57048e-15
4.25647e-15
7.76015e-16
3.71579e-17
-5.32926e-15
-7.98081e-15
-7.37444e-15
-9.70175e-15
-9.7318e-15
-9.74604e-15
-4.24632e-15
5.61375e-15
1.27414e-14
8.93404e-15
3.99177e-15
2.76898e-16
-1.53349e-16
-1.24532e-15
-4.40489e-15
-5.11988e-15
-3.05892e-15
-4.23637e-15
-4.47197e-15
-1.7506e-15
-3.63084e-15
-3.24169e-15
-4.01759e-15
-8.33071e-15
-9.89459e-15
-1.00377e-14
-4.08813e-15
7.68651e-15
1.19341e-14
4.10577e-15
3.79079e-15
-7.83775e-16
-4.08722e-15
-6.77677e-15
-9.70825e-15
-1.24161e-14
-1.16991e-14
-8.90477e-15
-4.96514e-15
-3.33569e-15
1.56163e-15
1.53023e-15
-1.68247e-15
-4.96705e-15
-4.48047e-15
-7.52179e-15
-4.22837e-15
7.52445e-15
7.66381e-15
3.50321e-15
-1.46594e-16
-2.1121e-15
-2.47327e-15
-4.34143e-15
-8.15754e-15
-1.17484e-14
-1.20693e-14
-8.69178e-15
-2.89131e-15
1.07248e-15
6.82907e-15
1.06826e-14
1.16836e-14
1.28452e-14
9.44194e-15
2.33863e-15
6.05634e-15
6.19802e-15
5.6725e-15
6.13713e-16
2.17031e-16
-1.24075e-15
-2.51602e-16
3.65066e-16
-4.35162e-15
-6.11735e-15
-7.58566e-15
-4.92875e-15
1.00923e-15
5.94339e-15
1.29313e-14
1.30315e-14
1.37664e-14
1.14664e-14
7.54161e-15
5.9328e-15
1.05835e-14
6.36857e-15
4.19223e-15
3.09212e-16
2.16785e-15
2.30069e-15
3.42236e-15
7.91113e-15
7.77604e-15
3.05089e-15
2.63607e-16
-9.25024e-16
1.62719e-16
4.15638e-15
8.9405e-15
1.06915e-14
1.0918e-14
5.76143e-15
4.82684e-15
6.86691e-15
8.97673e-15
5.54278e-15
4.22682e-15
5.80399e-16
2.93239e-15
5.71986e-15
1.05988e-14
1.58835e-14
1.37892e-14
5.91672e-15
1.08515e-15
-6.00766e-15
-3.39323e-15
-4.23199e-16
6.67664e-16
4.16401e-15
4.04084e-15
5.53281e-16
5.56429e-15
9.42931e-15
8.56237e-15
6.59904e-15
2.38263e-15
-2.89722e-15
-1.82703e-15
4.39428e-15
1.16833e-14
1.29083e-14
8.85323e-15
2.78288e-15
-2.73081e-15
-7.09971e-15
-4.42042e-15
-8.19227e-16
-2.49956e-15
-2.91276e-15
-6.33522e-15
-6.68003e-15
7.71125e-16
4.77705e-15
7.05161e-15
7.45134e-15
9.34434e-16
-8.18767e-15
-6.05574e-15
-2.16067e-15
1.87769e-15
2.61384e-16
-6.69046e-16
-2.91032e-15
-9.21717e-15
-1.19152e-14
-6.21169e-15
1.38633e-16
1.62593e-15
-2.64104e-15
-1.18961e-14
-1.33304e-14
-5.09544e-15
-5.11981e-16
1.06942e-15
1.98927e-16
-3.53066e-15
-1.42941e-14
-1.13673e-14
-7.43729e-15
-6.83793e-15
-7.37926e-15
-9.1357e-15
-1.3453e-14
-1.45743e-14
-1.03745e-14
-3.18991e-15
4.78261e-15
7.37035e-15
1.09164e-15
-1.02945e-14
-1.48168e-14
-8.8954e-15
-6.71665e-15
-3.43584e-15
-3.98946e-16
-4.51415e-15
-1.61475e-14
-1.41401e-14
-9.02926e-15
-9.8355e-15
-1.1174e-14
-1.13891e-14
-1.47789e-14
-1.29709e-14
-6.39104e-15
4.26042e-15
1.24684e-14
1.17984e-14
3.37178e-15
-5.75344e-15
-8.39203e-15
-4.86916e-15
-2.3161e-15
1.53423e-15
2.16446e-15
-4.81527e-15
-1.22598e-14
-1.04928e-14
-3.24428e-15
1.1933e-16
-2.74124e-15
-7.84051e-15
-1.29723e-14
-1.12701e-14
-2.18867e-15
8.70151e-15
1.39007e-14
1.40314e-14
4.45826e-15
-7.12973e-16
-1.98775e-15
9.59933e-16
5.27757e-15
5.94905e-15
1.89311e-15
-3.21926e-15
-4.89221e-15
-3.38174e-15
4.15033e-15
8.89811e-15
9.17439e-15
2.67553e-15
-7.08436e-15
-6.71447e-15
7.20216e-16
7.39624e-15
9.98396e-15
1.09758e-14
6.43208e-15
-3.52221e-16
-1.14074e-17
3.27726e-15
1.08906e-14
1.12915e-14
4.65962e-15
7.6808e-16
4.78186e-16
3.73813e-15
8.85407e-15
1.34227e-14
1.06764e-14
3.91073e-15
-7.89072e-16
-3.52914e-15
-1.50315e-15
3.69831e-15
4.42026e-15
4.54347e-15
3.71209e-15
1.10377e-16
1.67903e-17
3.38651e-15
9.79414e-15
1.36549e-14
1.0018e-14
4.63338e-15
-9.15493e-16
3.26031e-15
5.71945e-15
1.08015e-14
6.2902e-15
-2.40185e-15
-4.54141e-15
-6.09031e-15
-7.87616e-15
-3.65183e-16
3.17305e-16
-1.98224e-15
-2.64584e-16
-9.65385e-16
8.71588e-16
4.74134e-15
8.58302e-15
9.35307e-15
3.41825e-15
6.68883e-17
-7.50638e-15
-2.76913e-15
-1.4495e-15
2.39001e-15
-1.83933e-17
-7.43639e-15
-1.15928e-14
-1.40701e-14
-9.89124e-15
-2.69762e-15
-2.94953e-16
-3.35438e-15
-4.50785e-15
-1.07815e-15
5.05191e-15
6.61439e-15
5.84808e-15
4.66272e-15
-4.56184e-16
-7.04462e-15
-9.44819e-15
-1.17494e-14
-8.66681e-15
-5.87925e-15
-6.75583e-15
-1.11642e-14
-1.52995e-14
-1.46248e-14
-1.35798e-14
-7.36543e-15
-5.01097e-15
-4.83872e-15
-4.93192e-15
-7.21913e-17
4.17237e-15
5.98182e-15
3.76633e-15
4.53475e-16
-4.64908e-15
-8.88767e-15
-6.27012e-15
-1.03873e-14
-1.0968e-14
-1.01025e-14
-8.90376e-15
-8.81843e-15
-1.11265e-14
-8.39624e-15
-6.54006e-15
-5.41881e-15
-7.32715e-16
-4.76479e-16
-2.28419e-15
-1.41282e-15
2.24217e-16
-9.57786e-16
-2.86796e-16
-1.45832e-15
-2.68531e-15
-3.55895e-15
-8.9298e-16
-4.7478e-15
-8.6174e-15
-5.86337e-15
-6.32893e-15
-2.58829e-15
-3.16923e-15
-1.40933e-15
2.53183e-15
7.79082e-16
6.22033e-16
8.58775e-16
7.03095e-16
4.5254e-16
-6.03148e-16
-3.07335e-15
-2.19504e-15
2.31036e-15
3.99976e-15
1.18335e-15
5.40366e-15
2.61317e-15
-1.88153e-15
-2.72195e-15
-1.78058e-15
3.17521e-15
6.75134e-15
8.88798e-15
9.57428e-15
7.64818e-15
4.65222e-15
3.05559e-16
-2.34687e-15
-3.60157e-15
-4.49752e-15
-2.92004e-15
-1.75265e-15
2.25062e-15
6.43443e-15
5.91306e-15
1.04937e-14
4.87297e-15
1.37486e-15
1.04685e-15
4.90532e-15
7.06496e-15
8.68494e-15
1.18621e-14
8.81975e-15
7.73788e-15
5.60685e-15
-1.87369e-16
-3.67095e-15
-3.79385e-15
-5.18696e-15
-3.00335e-15
-2.12466e-15
2.32273e-15
7.64646e-15
1.10283e-14
1.09017e-14
6.35266e-15
1.72291e-15
-3.38622e-16
1.56239e-16
1.53705e-15
3.38421e-15
4.053e-15
7.31689e-16
1.27666e-15
3.92472e-15
1.95632e-16
-8.88067e-16
9.86169e-16
-1.63992e-15
-4.32919e-15
-3.32e-15
5.29864e-16
4.90243e-15
8.60465e-15
6.03254e-15
2.66234e-15
9.59883e-16
-3.48037e-15
-5.79995e-15
-6.12505e-15
-5.63814e-15
-6.5437e-15
-6.61754e-15
-9.91732e-16
-6.95349e-16
2.19472e-15
6.04371e-15
5.43476e-15
5.25455e-15
1.42878e-15
-2.74932e-15
6.61641e-16
4.37393e-15
6.36465e-15
-1.102e-15
-2.44609e-15
-3.99354e-15
-4.14332e-15
-5.60639e-15
-8.0324e-15
-9.06078e-15
-8.54163e-15
-7.38491e-15
-3.83807e-15
6.43704e-16
4.66494e-15
1.12676e-14
1.53637e-14
1.5084e-14
1.05792e-14
4.42261e-15
4.27945e-15
1.5656e-15
1.80324e-16
-5.65498e-15
-5.1e-15
-6.07843e-15
-4.56122e-15
-5.03718e-15
-5.64325e-15
-9.33379e-15
-8.45056e-15
-4.44082e-15
1.11947e-15
5.16817e-15
6.99408e-15
1.10173e-14
1.37928e-14
1.33048e-14
1.0976e-14
7.65763e-15
7.92271e-15
3.72241e-15
-2.12279e-15
-4.85611e-15
-6.44594e-15
-6.32408e-15
-2.24109e-15
4.86783e-16
2.43181e-15
2.21819e-15
2.18202e-16
-1.70063e-15
1.63454e-15
2.71832e-15
4.16928e-15
6.1669e-15
6.09382e-15
4.92358e-15
5.63595e-15
8.11316e-15
6.64912e-15
2.38773e-15
-1.66065e-15
-9.13167e-15
-8.6182e-15
-4.15524e-15
-1.90735e-16
6.60256e-15
8.61449e-15
5.00961e-15
3.83476e-17
-4.99986e-15
-2.34247e-15
5.86914e-17
-1.37918e-15
-7.52691e-16
-2.78716e-15
-4.42187e-15
1.02523e-15
4.55935e-15
5.36364e-15
-1.85817e-15
-5.43083e-15
-1.14452e-14
-8.12477e-15
-8.44365e-16
4.51973e-15
5.25526e-15
4.14386e-15
-1.49109e-16
-4.18224e-15
-7.73624e-15
-2.8589e-15
-1.60776e-16
-2.91297e-15
-4.68847e-15
-8.26549e-15
-1.02118e-14
-7.02824e-15
-2.80186e-15
5.57403e-16
-2.40313e-15
-8.36412e-15
-1.28462e-14
-1.13444e-14
-6.05909e-15
-1.37363e-15
-3.1644e-15
-3.92852e-15
-7.72603e-15
-1.06306e-14
-1.12469e-14
-5.18319e-15
3.80973e-16
1.2602e-15
-5.24853e-15
-1.26534e-14
-1.5119e-14
-1.23105e-14
-7.28174e-15
-5.51394e-15
-7.32834e-15
-1.03091e-14
-1.5824e-14
-1.59765e-14
-1.14826e-14
-8.33621e-15
-1.22726e-14
-1.5857e-14
-1.71766e-14
-1.4043e-14
-1.11906e-14
-1.71393e-17
5.61958e-15
6.91685e-15
6.38274e-16
-9.76078e-15
-1.54636e-14
-1.34481e-14
-9.85258e-15
-5.45328e-15
-7.74669e-15
-1.03344e-14
-1.73732e-14
-1.48918e-14
-1.39571e-14
-1.35507e-14
-1.58732e-14
-1.66012e-14
-1.59651e-14
-1.459e-14
-7.74188e-15
5.47754e-15
1.28218e-14
1.23876e-14
5.34182e-15
-5.35706e-15
-9.33776e-15
-7.72296e-15
-6.30996e-15
-2.95703e-15
-6.06405e-15
-1.1129e-14
-1.19451e-14
-9.77354e-15
-7.10882e-15
-5.2344e-15
-7.9115e-15
-1.37205e-14
-1.60286e-14
-1.38406e-14
-2.79539e-15
1.06872e-14
1.64823e-14
1.45209e-14
8.92802e-15
1.19916e-15
-3.5882e-15
-9.80872e-16
8.24291e-16
2.76512e-15
-4.10525e-15
-1.01352e-14
-5.0755e-15
-9.12626e-16
2.14116e-15
5.00798e-15
1.81556e-15
-3.50663e-15
-9.31977e-15
-6.10951e-15
4.28219e-16
8.16278e-15
1.12606e-14
1.08607e-14
7.66196e-15
3.3276e-15
2.19026e-15
2.69952e-15
7.65435e-15
8.81803e-15
4.6452e-16
-6.08401e-15
-3.8574e-15
-1.91518e-15
6.07968e-15
9.66604e-15
4.5248e-15
1.53264e-15
-3.74552e-15
-3.1228e-15
-3.13444e-15
2.40593e-15
4.9385e-15
4.10814e-15
1.73166e-15
1.52155e-15
7.93632e-15
7.28047e-15
8.97737e-15
9.84301e-15
3.68132e-15
-1.16172e-15
-2.89483e-15
-2.48517e-15
2.19914e-15
9.59857e-15
5.8112e-15
-2.09525e-15
-5.04476e-15
-5.22784e-15
-6.3667e-15
-2.85989e-15
7.7431e-17
-3.56848e-16
-1.16471e-15
3.21913e-16
2.74312e-15
7.73726e-15
1.02585e-14
7.69585e-15
2.26746e-15
-1.02959e-15
-6.77031e-15
-4.33734e-15
-2.3113e-15
-1.14672e-15
1.4526e-16
-6.72708e-15
-1.11049e-14
-1.05459e-14
-6.96784e-15
-3.71965e-15
-4.1797e-16
-2.44024e-15
-3.73433e-15
-1.15649e-15
3.70915e-15
9.88279e-15
1.0061e-14
6.94439e-15
-1.47304e-16
-5.19957e-15
-8.87199e-15
-8.6281e-15
-9.47371e-15
-9.16601e-15
-8.60647e-15
-1.08354e-14
-1.16559e-14
-9.51625e-15
-9.08754e-15
-7.97124e-15
-2.04025e-15
2.56858e-15
1.08546e-15
4.04109e-15
6.77228e-15
1.03619e-14
8.94685e-15
3.21186e-15
-4.93777e-15
-9.00142e-15
-4.3024e-15
-8.78945e-15
-1.10805e-14
-8.4044e-15
-6.9176e-15
-5.35062e-15
-4.77658e-15
-5.81351e-15
-6.51135e-15
-6.9313e-15
8.79758e-17
4.55149e-15
4.78833e-15
8.06871e-15
5.41761e-15
5.21906e-15
4.15813e-15
4.62193e-17
-3.34652e-15
-3.41985e-15
-3.42083e-15
-5.1212e-15
-6.12245e-15
-1.19654e-15
2.31362e-15
5.73933e-15
2.55546e-15
3.58769e-15
3.68174e-15
7.74353e-16
4.00052e-15
8.22731e-15
8.12097e-15
8.42036e-15
4.57996e-15
1.22044e-15
6.55892e-16
3.31358e-15
5.60057e-15
1.69879e-15
4.6432e-15
4.63015e-15
2.5384e-16
-5.76853e-16
6.22147e-15
1.29525e-14
1.34212e-14
1.39019e-14
1.27885e-14
6.91238e-15
6.56153e-15
5.39157e-15
5.39718e-15
4.91769e-15
3.22052e-15
2.12894e-15
2.06905e-15
5.4191e-15
6.8055e-15
4.50907e-15
9.73131e-15
6.28393e-15
1.29209e-16
4.83047e-16
8.01471e-15
1.70468e-14
1.60304e-14
1.37998e-14
1.24034e-14
8.9574e-15
5.79937e-15
2.07925e-15
1.8593e-15
2.99857e-15
3.77322e-15
-2.80463e-16
-8.97216e-16
-1.4655e-16
5.41085e-15
8.75861e-15
1.04375e-14
6.38196e-15
2.26761e-15
2.21851e-16
3.37933e-15
8.67597e-15
9.96486e-15
7.4473e-15
7.29786e-15
4.92037e-15
1.19005e-15
1.34242e-15
4.38902e-15
7.13341e-15
6.14527e-15
-2.05724e-15
-4.12144e-15
-2.64839e-15
-3.13164e-16
7.3571e-15
5.48005e-15
1.46101e-15
8.37481e-17
-3.61868e-15
-2.96637e-15
-6.79838e-16
-2.09088e-16
-1.4999e-16
1.73762e-16
-4.57377e-16
-1.51169e-15
1.0145e-15
5.90171e-15
1.05666e-14
1.03715e-14
1.15905e-15
-2.99293e-15
-1.82867e-15
-3.83933e-16
5.6604e-15
-5.37567e-15
-3.9862e-15
-5.81693e-15
-7.48702e-15
-5.46175e-15
-6.81867e-15
-4.47908e-15
-3.83359e-15
-4.38569e-15
-3.62971e-15
-3.57809e-15
2.86354e-15
7.87102e-15
7.12331e-15
4.85499e-15
3.71718e-15
4.71068e-16
-4.69181e-15
-5.24411e-15
-3.65448e-15
-1.16314e-14
-1.11405e-14
-1.32012e-14
-7.98436e-15
-7.58911e-15
-7.32087e-15
-5.61262e-15
-5.20484e-15
-6.23249e-15
-4.02773e-15
-9.9942e-16
3.19651e-15
5.22089e-15
7.61573e-15
7.41591e-15
5.14563e-15
2.85752e-15
-1.30837e-15
-6.53565e-15
-8.15666e-15
-9.76659e-15
-1.36042e-14
-1.37682e-14
-5.9429e-15
-2.89791e-15
-1.09836e-15
4.06458e-16
-1.22257e-15
-4.41551e-15
-2.25776e-15
-6.49786e-16
1.92019e-15
2.51675e-15
2.98071e-15
3.56083e-15
3.24345e-15
8.79603e-16
-1.33729e-15
-6.40974e-15
-7.65384e-15
-1.17314e-14
-1.31373e-14
-1.26972e-14
-6.27052e-15
-4.29195e-16
6.43003e-15
5.55173e-15
2.86725e-16
-4.68957e-15
-4.97357e-15
-5.83179e-15
-2.41281e-15
-3.26105e-15
-4.79413e-15
-4.65347e-15
-3.15414e-15
-2.75708e-15
-4.13014e-15
-1.02095e-14
-1.0927e-14
-1.11045e-14
-1.00689e-14
-7.99322e-15
-3.86764e-15
1.02465e-15
4.69335e-15
6.9413e-16
-3.76096e-15
-5.04748e-15
-5.45429e-15
-6.02847e-15
-2.88252e-15
-6.55843e-15
-1.05816e-14
-1.18952e-14
-1.17752e-14
-7.63363e-15
-4.67582e-15
-7.11951e-15
-8.84088e-15
-9.96563e-15
-1.19433e-14
-7.94446e-15
-3.92706e-15
-1.23209e-15
-1.54213e-15
-6.71961e-15
-8.8849e-15
-7.67206e-15
-2.94014e-15
9.06381e-16
8.28281e-16
-4.15833e-15
-9.00868e-15
-1.428e-14
-1.52442e-14
-9.314e-15
-4.76857e-15
-6.45542e-15
-8.89283e-15
-1.1252e-14
-1.26202e-14
-7.50299e-15
-6.12381e-15
-8.70269e-15
-9.94012e-15
-1.19921e-14
-1.09997e-14
-7.11153e-15
1.38913e-16
5.02813e-15
7.96232e-15
2.37598e-15
-3.48243e-15
-1.20168e-14
-1.55929e-14
-9.93062e-15
-5.73783e-15
-7.18616e-15
-8.49149e-15
-1.17912e-14
-1.08795e-14
-8.07748e-15
-8.00946e-15
-1.2644e-14
-1.49545e-14
-1.33923e-14
-1.02053e-14
-4.01464e-15
5.56149e-15
1.07913e-14
1.28108e-14
9.74387e-15
1.59455e-15
-9.08777e-15
-1.00386e-14
-5.7179e-15
-4.44776e-15
-5.25217e-15
-8.39133e-15
-1.11563e-14
-7.48524e-15
-8.01339e-15
-5.70542e-15
-7.78785e-15
-1.35128e-14
-1.45838e-14
-1.08742e-14
-1.57877e-15
1.01499e-14
1.38646e-14
1.38307e-14
1.34926e-14
4.70939e-15
-2.5863e-15
-1.19802e-15
-2.66529e-16
-7.01501e-17
-3.93522e-15
-1.04455e-14
-3.83242e-15
1.05934e-15
3.94907e-15
2.82086e-15
7.61381e-16
-3.07973e-15
-7.39723e-15
-5.62331e-15
-6.30277e-17
5.87024e-15
9.0466e-15
8.96194e-15
7.76156e-15
4.61724e-15
2.65401e-15
5.32421e-15
8.6687e-15
6.49569e-15
-2.07147e-15
-7.3364e-15
1.58672e-15
2.27106e-15
9.52043e-15
1.00591e-14
8.28669e-15
4.906e-15
-2.24969e-15
-3.72643e-15
-3.09258e-15
-5.31123e-16
1.11962e-15
2.21204e-16
-1.73281e-15
1.65104e-15
5.55718e-15
8.03576e-15
9.73494e-15
7.18591e-15
-5.53757e-16
-7.46978e-16
2.64843e-15
2.6822e-15
6.43676e-15
8.86665e-15
9.4973e-15
6.84318e-15
6.91572e-16
-4.52921e-15
-6.97841e-15
-5.37437e-15
-2.83977e-15
-3.96006e-15
-9.66143e-16
-1.36405e-16
2.97155e-15
7.54409e-15
9.38253e-15
7.0097e-15
9.56999e-16
5.22872e-16
-4.63869e-16
2.25359e-15
5.74698e-15
3.12047e-15
2.83438e-16
9.5814e-16
-5.76661e-16
-6.90772e-15
-8.32848e-15
-4.0262e-15
1.0354e-16
-2.21737e-15
-3.04178e-15
1.5971e-15
4.4582e-15
1.18743e-14
9.26311e-15
3.60296e-15
-1.48013e-15
-2.91581e-15
-4.82267e-15
-3.652e-15
-8.04357e-16
-2.92633e-15
-6.73916e-15
-2.91013e-15
-3.66824e-15
-8.32745e-15
-4.77578e-15
-5.33068e-16
4.7621e-15
5.10845e-15
4.32933e-15
8.21811e-15
9.33487e-15
1.21118e-14
7.30466e-15
-9.60781e-16
-4.22003e-15
-5.68317e-15
-3.62177e-15
-6.75073e-15
-6.97277e-15
-4.18229e-15
-5.96373e-15
-1.57549e-15
2.17371e-15
-2.71855e-15
-1.22869e-16
-1.4792e-15
2.59397e-15
6.74516e-15
7.30577e-15
1.1332e-14
8.2762e-15
9.5588e-15
4.85161e-15
-2.96762e-15
-3.46215e-15
-1.59519e-15
-1.70959e-15
-3.04041e-15
-4.53939e-15
1.36701e-15
4.04032e-15
6.84881e-15
1.07913e-14
1.0372e-14
6.23505e-15
2.21152e-15
2.69212e-15
4.79861e-15
8.0161e-15
1.14244e-14
8.48428e-15
5.95652e-15
2.3366e-15
-1.99812e-15
-1.22007e-15
2.17809e-15
3.97718e-15
2.84637e-15
-6.24578e-16
-6.33864e-16
6.33434e-15
1.17656e-14
1.70099e-14
1.91436e-14
1.33778e-14
8.45375e-15
6.84342e-15
4.22675e-15
6.28938e-15
8.88204e-15
8.17812e-15
5.25438e-15
1.93729e-15
-3.45599e-16
-7.813e-16
3.67358e-15
5.4304e-15
4.12927e-15
-4.34022e-16
-9.16553e-16
5.19069e-15
1.07763e-14
1.65794e-14
1.84021e-14
1.38905e-14
8.29948e-15
4.10987e-15
1.30685e-15
2.54284e-15
6.01738e-15
4.92444e-15
-1.39849e-15
-2.82081e-15
-1.83741e-15
1.31319e-15
5.31664e-15
7.19081e-15
4.61345e-15
1.77548e-15
-1.74137e-15
1.47534e-15
5.78043e-15
1.33696e-14
1.26022e-14
8.4494e-15
4.03136e-15
-1.78498e-15
-2.11916e-16
4.52453e-15
7.6808e-15
4.49161e-15
-3.85531e-15
-6.01475e-15
-4.42543e-15
4.63144e-16
7.53075e-15
5.24879e-15
1.70602e-15
-1.10669e-15
-1.96445e-15
-1.97476e-15
-1.231e-15
3.36016e-15
3.36856e-15
2.12409e-15
-8.46893e-17
-5.11657e-15
1.58687e-15
7.46157e-15
6.24388e-15
5.23459e-15
6.09679e-16
-4.44702e-15
-7.17128e-15
-1.09708e-15
6.29786e-15
-4.40044e-15
-2.00706e-15
-5.2842e-15
-8.47243e-15
-9.0702e-15
-9.13068e-15
-3.5154e-15
-1.9213e-15
-3.08146e-15
-2.47851e-15
-5.84809e-15
-3.22595e-15
9.03877e-16
9.86595e-16
-7.0884e-16
-1.68912e-15
-4.18351e-15
-9.44176e-15
-1.04144e-14
-4.89397e-15
-1.17306e-14
-8.48462e-15
-9.71896e-15
-9.3329e-15
-9.72291e-15
-6.4984e-15
-3.40916e-15
-4.36809e-15
-6.23124e-15
-8.75711e-16
-5.34826e-16
-1.66766e-15
-2.58899e-15
-5.09685e-16
1.36914e-15
-1.51048e-15
-3.82545e-15
-7.34598e-15
-9.27591e-15
-1.13497e-14
-9.51982e-15
-1.19356e-14
-1.44629e-14
-7.291e-15
-3.43287e-15
-1.6655e-16
6.9192e-16
-2.81118e-15
-4.49696e-15
-7.19819e-16
1.04999e-16
6.33456e-16
-3.16675e-15
-2.84652e-15
-4.10728e-15
-2.52181e-15
-2.73285e-15
-2.77484e-15
-4.627e-15
-9.58038e-15
-7.42538e-15
-7.89942e-15
-1.33152e-14
-6.64796e-15
1.76485e-15
8.93129e-15
6.91662e-15
1.52102e-15
-1.26197e-15
-1.20649e-15
-1.62157e-15
-2.0562e-15
-3.1364e-15
-7.41316e-15
-9.78117e-15
-7.50852e-15
-6.62367e-15
-4.13372e-15
-3.41428e-15
-7.75722e-15
-5.3323e-15
-5.81275e-15
-8.23558e-15
-1.94753e-15
6.41827e-15
7.36916e-15
4.61001e-15
3.53417e-16
-7.20985e-16
-1.66249e-15
-1.28543e-15
-2.52881e-15
-8.83504e-15
-1.08169e-14
-1.22534e-14
-1.10855e-14
-8.0243e-15
-1.04135e-15
-9.10678e-16
-4.72145e-15
-4.95923e-15
-5.40439e-15
-4.62123e-15
4.37388e-16
5.03292e-15
2.32107e-15
-3.58352e-15
-5.65296e-15
-5.1002e-15
-7.17841e-16
4.99955e-15
5.88582e-15
-4.76816e-16
-6.66805e-15
-1.18909e-14
-1.24395e-14
-5.75237e-15
6.90262e-16
3.43946e-15
1.23765e-15
-3.13108e-15
-4.42597e-15
-1.30876e-15
-4.04668e-16
-2.06465e-15
-4.15082e-15
-8.27597e-15
-5.43379e-15
-4.07622e-15
1.04987e-15
1.03729e-14
1.48248e-14
7.84451e-15
3.83433e-16
-7.0932e-15
-7.46945e-15
-4.83042e-15
4.14527e-18
2.99468e-15
-2.67594e-16
-3.24456e-15
-4.35418e-15
-2.15748e-15
-5.81296e-16
-6.07051e-15
-9.4483e-15
-9.21345e-15
-6.49652e-15
-3.56219e-15
2.76054e-15
1.2442e-14
1.6787e-14
1.21369e-14
5.82512e-15
-4.69624e-15
-4.19835e-15
-1.28789e-15
1.00629e-15
2.72363e-15
-5.63728e-16
-4.85336e-15
-3.20203e-15
-1.15191e-15
1.65413e-15
-2.37236e-15
-8.93515e-15
-9.3787e-15
-6.72372e-15
-1.21288e-15
4.69156e-15
1.12802e-14
1.28991e-14
7.91833e-15
5.98858e-15
-1.1625e-15
3.2518e-15
3.98778e-15
4.12488e-15
5.88902e-16
-4.9666e-15
-2.08265e-15
2.60364e-15
7.04048e-15
6.89764e-15
5.00966e-15
1.14897e-15
-3.1055e-15
-2.97382e-15
-2.19409e-15
2.06735e-15
7.31994e-15
6.74284e-15
2.91676e-15
-1.55426e-15
-2.0335e-15
3.67063e-15
5.20727e-15
5.27842e-15
-5.81682e-16
-5.29499e-15
2.59772e-15
7.72153e-15
1.09393e-14
1.1174e-14
1.19512e-14
9.79664e-15
-5.62312e-17
-4.11766e-15
-3.34891e-15
-2.25143e-15
-5.80165e-16
-9.76526e-16
-5.58646e-15
-4.69121e-15
-1.75145e-15
2.37705e-15
4.19494e-15
6.09433e-15
5.65927e-16
-1.17748e-15
4.40716e-15
6.82907e-15
7.2484e-15
1.11928e-14
1.26184e-14
9.36061e-15
1.01057e-15
-4.46094e-15
-8.10954e-15
-6.77475e-15
-5.70758e-15
-6.31235e-15
-5.85977e-15
-4.3904e-15
-1.3634e-15
1.47433e-15
4.82202e-15
6.46039e-15
-1.06635e-15
-2.40588e-15
5.05074e-15
6.3179e-15
8.99655e-15
8.13713e-15
6.19272e-15
3.46837e-15
1.55509e-15
-6.97659e-15
-1.08158e-14
-5.36392e-15
-3.20431e-16
-2.80374e-15
-2.69746e-15
5.38591e-16
1.87813e-15
4.84125e-15
4.94051e-15
2.81658e-15
-2.48871e-15
-1.61917e-16
5.63203e-16
1.60446e-15
4.29202e-15
4.17618e-15
6.83915e-16
2.6697e-15
1.92998e-16
-6.84298e-15
-4.50087e-15
-1.71436e-16
5.06304e-15
3.61355e-15
3.15603e-15
4.6235e-15
6.81054e-15
7.5657e-15
1.98103e-15
-2.46624e-15
-2.79744e-15
-2.25287e-15
-8.62763e-16
-3.40739e-15
-4.87612e-15
-2.38541e-15
1.41819e-15
3.82336e-15
1.9035e-15
-7.76226e-16
2.1006e-15
2.75785e-15
3.41769e-15
5.5409e-15
5.81936e-15
9.02515e-15
1.0019e-14
8.67844e-15
3.01052e-15
-5.42707e-15
-6.00237e-15
-3.0706e-15
4.68517e-16
-2.82279e-15
-4.21119e-15
-4.74458e-16
4.34918e-16
4.15504e-15
1.00526e-14
8.45766e-15
3.23621e-15
1.75835e-15
3.24436e-15
3.68223e-15
5.53567e-15
1.13365e-14
9.5262e-15
6.02664e-15
1.82102e-15
-6.3691e-15
-6.45468e-15
5.54048e-16
3.88254e-15
1.73102e-15
-4.65808e-18
6.337e-16
3.93409e-15
6.2962e-15
1.20115e-14
1.21766e-14
7.60486e-15
4.30876e-15
1.50999e-15
6.77338e-16
1.45997e-15
6.84263e-15
6.47055e-15
1.26097e-15
-3.65909e-15
-6.77561e-15
-5.18111e-15
1.63474e-15
6.94388e-15
5.74347e-15
5.13609e-16
-8.68996e-16
2.66633e-15
5.84186e-15
1.12937e-14
1.20133e-14
7.81655e-15
1.95084e-15
-6.08316e-15
-6.94525e-15
-4.30075e-15
-8.6293e-16
-3.213e-16
-4.81177e-15
-7.85915e-15
-5.97318e-15
-6.0619e-15
1.29588e-15
8.58181e-15
6.23479e-15
2.20937e-15
-2.16561e-15
-1.81821e-15
-1.7224e-16
6.63042e-15
7.41422e-15
1.39479e-15
-2.53538e-15
-8.17708e-15
-7.24269e-15
-2.98186e-15
6.80447e-16
-6.42016e-17
-6.80775e-15
-1.00285e-14
-8.79684e-15
-5.85653e-15
1.81726e-15
4.505e-15
2.84016e-15
-7.19493e-16
-3.65797e-15
-2.69372e-15
-3.5511e-15
1.7608e-15
3.47806e-15
-9.25119e-18
-1.66792e-15
-6.5674e-15
-4.37656e-15
1.62941e-16
2.04821e-15
1.55587e-15
-4.31826e-15
-9.71065e-15
-1.0111e-14
-8.62699e-15
1.97024e-15
