-4.96107e-14
-1.64299e-13
-1.90513e-13
-1.85631e-13
-1.52258e-13
-2.97854e-14
5.26051e-15
-2.68653e-14
-1.19431e-13
-1.36012e-13
-4.51258e-14
6.35436e-14
9.60104e-14
5.74181e-14
8.94511e-14
1.30121e-13
8.47624e-14
5.12495e-14
3.96906e-14
2.7846e-14
-2.91213e-14
-1.41306e-13
-1.82704e-13
-1.73074e-13
-1.25852e-13
-6.77188e-14
-3.48032e-14
-4.69476e-14
-1.54297e-13
-1.79715e-13
-1.30008e-13
-2.64198e-14
4.26689e-14
4.22936e-14
6.03116e-14
8.28244e-14
4.86961e-14
1.92669e-14
1.68992e-14
2.75669e-14
5.21542e-14
-2.36461e-14
-7.57004e-14
-1.17638e-13
-8.44649e-14
-8.67233e-14
-6.95846e-14
-6.00659e-14
-1.49757e-13
-1.74718e-13
-1.26566e-13
-6.70943e-14
-9.31804e-15
6.39167e-14
9.64846e-14
8.75126e-14
7.54914e-14
3.1001e-14
1.20639e-14
5.88864e-14
1.20427e-13
7.12061e-14
3.76616e-14
-3.63665e-14
-5.82654e-14
-8.30233e-14
-9.55073e-14
-8.43564e-14
-1.01993e-13
-9.02812e-14
-7.96007e-14
-9.52889e-14
-4.32585e-14
6.09922e-14
1.28411e-13
1.21655e-13
1.49057e-13
1.0572e-13
2.27106e-14
8.31386e-14
1.5119e-13
1.02219e-13
5.08057e-14
2.30303e-16
-1.63963e-14
-4.11718e-14
-1.12923e-13
-1.06279e-13
-3.05547e-14
-4.36323e-14
-4.96806e-14
-3.7244e-14
-3.89434e-14
3.40778e-14
1.3111e-13
1.70345e-13
2.26544e-13
1.93346e-13
4.32668e-14
7.48201e-14
9.87903e-14
7.07836e-14
1.61856e-14
-6.19879e-15
7.50369e-15
1.77332e-14
-8.59441e-14
-1.42146e-13
-7.77802e-14
-2.79327e-14
-2.81336e-14
4.40021e-15
2.74888e-15
1.15616e-14
8.2725e-14
1.23164e-13
1.35901e-13
1.03707e-13
1.11255e-14
4.72048e-14
7.46992e-14
6.28318e-14
5.20672e-15
-1.38014e-14
-6.409e-14
-8.47475e-14
-1.11243e-13
-1.12975e-13
-8.29795e-14
-1.93331e-14
-1.23707e-14
-7.75784e-15
-5.6583e-15
-1.84206e-14
2.15429e-14
2.94177e-14
1.16591e-14
-4.11682e-14
-7.33241e-14
-2.88265e-16
-3.623e-15
2.94869e-14
3.99227e-14
-2.22369e-14
-1.30431e-13
-1.75688e-13
-1.1221e-13
-8.74965e-14
-9.49546e-14
-6.31645e-14
-5.12696e-14
-1.90133e-14
-1.17495e-14
-2.16835e-14
4.83832e-16
7.96948e-15
-2.72977e-14
-1.14242e-13
-1.53864e-13
-7.38145e-14
-6.31104e-14
-2.93655e-14
-2.16341e-14
-8.34767e-14
-1.59284e-13
-2.03797e-13
-1.54688e-13
-9.23926e-14
-5.76917e-14
-8.58325e-14
-1.21503e-13
-7.26748e-14
-8.34449e-14
-5.60466e-14
6.41615e-14
7.86542e-14
3.36887e-14
-7.02554e-14
-1.22371e-13
-8.93613e-14
-8.6095e-14
-7.97655e-14
-1.38588e-13
-1.59568e-13
-2.17813e-13
-2.58319e-13
-1.7369e-13
-4.39314e-14
3.31742e-14
1.08893e-14
-7.8127e-14
-1.35906e-13
-1.25985e-13
-6.03907e-14
5.01639e-14
1.01774e-13
8.68088e-14
1.26994e-14
-8.14898e-14
-1.21566e-13
-8.78528e-14
-1.07376e-13
-2.42647e-13
-2.68895e-13
-2.81434e-13
-2.43288e-13
-8.76323e-14
4.04608e-14
1.20674e-13
1.14793e-13
4.18526e-15
-1.21678e-13
-1.50992e-13
-5.84066e-14
4.9226e-14
1.25216e-13
1.51558e-13
7.67867e-14
-6.487e-15
-9.69531e-14
-9.70068e-14
-1.26582e-13
-2.4729e-13
-3.29141e-13
-3.25924e-13
-1.93056e-13
-3.27125e-14
1.20033e-13
1.83844e-13
1.70317e-13
6.31004e-14
-8.43578e-14
-1.6295e-13
-9.74086e-14
3.86718e-14
1.39656e-13
1.76291e-13
9.90325e-14
5.00755e-14
-2.95134e-14
-7.09858e-14
-7.73287e-14
-1.44396e-13
-2.53902e-13
-1.9964e-13
-1.0957e-13
-2.09666e-14
1.34674e-13
2.41824e-13
2.01421e-13
4.4517e-14
-6.10822e-14
-1.36874e-13
-1.21076e-13
4.23396e-16
1.17355e-13
1.50265e-13
6.45876e-14
1.41832e-14
-2.50058e-14
1.3989e-14
1.96932e-14
1.32821e-14
-6.58634e-14
-9.37075e-14
-4.9386e-14
3.6174e-14
1.32673e-13
1.53199e-13
1.14532e-13
2.09588e-14
-5.51826e-14
-1.16852e-13
-9.7132e-14
-3.64282e-14
3.8568e-14
1.00229e-13
4.44123e-14
-2.45816e-15
6.35104e-16
5.45244e-14
1.0225e-13
1.44466e-13
6.07613e-14
4.23751e-15
-3.80007e-14
-1.62195e-14
1.18665e-14
-1.10198e-15
4.65476e-14
4.72029e-14
-6.06226e-14
-7.81411e-14
-7.697e-14
-1.60783e-14
3.5041e-14
7.52636e-14
1.26038e-14
-9.91257e-15
3.60247e-14
5.20073e-14
1.46018e-13
1.88696e-13
1.34557e-13
3.32134e-14
-4.64899e-14
-9.00697e-14
-6.55514e-14
-1.46853e-14
4.26395e-14
6.50546e-14
2.85635e-14
-3.9604e-15
-1.43624e-14
-1.11619e-15
7.7271e-14
1.00866e-13
1.62101e-14
-8.86653e-16
1.25016e-15
8.4257e-14
1.84213e-13
1.86231e-13
1.57971e-13
3.68032e-14
-6.09436e-14
-1.04878e-13
-4.85699e-14
5.49826e-16
6.593e-14
1.45646e-13
1.37343e-13
5.96182e-14
4.31065e-15
1.33944e-14
8.31554e-14
9.85479e-14
5.66991e-14
5.09457e-14
3.83233e-14
2.5729e-14
4.12178e-14
7.91507e-14
7.96167e-14
1.54762e-14
-5.84692e-14
-6.91719e-14
-4.10394e-14
-8.6676e-15
5.7514e-14
1.64574e-13
1.24836e-13
5.26115e-14
3.53479e-14
3.26271e-14
8.97748e-14
1.31954e-13
1.12053e-13
9.14984e-14
4.596e-14
-2.93312e-14
-8.14072e-14
-8.65536e-14
-4.50269e-14
-1.68503e-14
2.06689e-14
-4.9787e-14
-5.13306e-14
-2.52258e-14
2.35486e-14
1.10008e-13
9.1955e-14
6.65048e-14
8.31519e-14
6.08749e-14
1.3632e-13
1.79517e-13
1.75378e-13
1.4903e-13
6.83678e-14
-1.58989e-14
-9.454e-14
-1.45305e-13
-1.52751e-13
-9.44548e-14
1.80312e-14
1.21371e-14
-2.16654e-14
-5.99754e-14
-4.61905e-14
5.21287e-14
1.17381e-13
1.21645e-13
1.07565e-13
1.07508e-13
1.6028e-13
1.7977e-13
1.53178e-13
1.09306e-13
5.69768e-14
-6.27898e-14
-1.68552e-13
-2.34221e-13
-1.99811e-13
-1.27371e-13
-4.52114e-14
2.19475e-14
-3.87821e-14
-1.51881e-13
-1.14168e-13
-4.72546e-14
4.56968e-14
1.25029e-13
1.46514e-13
1.75297e-13
1.23717e-13
5.87272e-14
3.84199e-14
6.53834e-14
4.9517e-15
-5.1749e-14
-1.41007e-13
-2.05357e-13
-1.96962e-13
-1.11052e-13
-6.91584e-14
-6.96532e-15
-2.19743e-14
-1.47835e-13
-1.551e-13
-1.11919e-13
-3.61833e-14
7.71371e-14
1.11918e-13
1.04122e-13
8.36713e-14
4.84599e-14
2.95983e-14
4.23437e-14
3.13137e-14
-2.91112e-14
-5.97119e-14
-1.12669e-13
-1.36757e-13
-9.98789e-14
-6.76603e-14
-3.28579e-14
-3.36348e-14
-1.05784e-13
-9.67197e-14
-7.85343e-14
-5.50366e-14
-1.51445e-14
3.90065e-14
1.20119e-13
1.21792e-13
8.73906e-14
7.65068e-14
5.28501e-14
2.95486e-14
3.37966e-14
4.75747e-14
2.15645e-14
-6.34811e-14
-1.04773e-13
-9.58924e-14
-6.36472e-14
2.91951e-15
-1.50934e-15
-8.73205e-15
-1.13349e-14
-4.3549e-14
-7.01935e-14
-1.14163e-14
1.2778e-13
1.50823e-13
1.51521e-13
1.28435e-13
2.01188e-14
1.19815e-14
1.02705e-13
1.19216e-13
9.51455e-14
-2.0149e-14
-8.97729e-14
-1.08619e-13
-9.00743e-14
1.33407e-15
1.10726e-13
8.06387e-14
3.44168e-14
-3.83287e-15
-6.64085e-14
-4.0374e-14
9.66474e-14
1.74913e-13
1.87313e-13
1.30201e-13
2.13655e-14
2.87551e-14
7.46515e-14
8.65971e-14
3.51433e-14
-5.1272e-14
-9.56249e-14
-8.29889e-14
-8.38377e-14
-8.02226e-15
9.79792e-14
1.45484e-13
1.092e-13
3.74263e-14
-6.46011e-14
-8.0764e-14
5.50547e-14
1.17899e-13
8.07455e-14
3.79092e-14
5.99371e-17
1.08883e-14
6.27022e-14
7.27651e-14
-1.26805e-14
-1.10353e-13
-1.49888e-13
-1.23319e-13
-8.30629e-14
2.2185e-15
6.8527e-14
1.52151e-13
1.40838e-13
4.77565e-14
-2.55387e-14
-5.63446e-14
-5.21126e-14
-4.15495e-14
-6.02797e-14
-8.65179e-14
-8.33189e-14
-1.22641e-14
4.10371e-14
6.06561e-14
1.58557e-14
-8.88552e-14
-1.80689e-13
-2.04972e-13
-1.00672e-13
8.10557e-15
6.77803e-14
1.27684e-13
1.05068e-13
1.93497e-14
-2.95887e-14
-5.66728e-14
-6.1716e-14
-8.68779e-14
-8.8672e-14
-1.33546e-13
-1.44518e-13
-4.42871e-14
-2.94926e-14
2.85317e-14
1.28909e-14
-1.15557e-13
-2.15971e-13
-2.26071e-13
-1.4379e-13
-4.99559e-14
6.84085e-15
3.30618e-14
5.75384e-15
-2.49158e-14
-6.28833e-14
-4.99047e-14
4.10928e-14
5.64271e-14
-3.53123e-14
-1.0569e-13
-1.24306e-13
-9.18859e-14
-4.57919e-14
1.74316e-14
-5.17479e-14
-1.45657e-13
-2.33392e-13
-2.73455e-13
-2.09012e-13
-1.12395e-13
-1.07078e-14
1.8194e-14
-3.99648e-14
-6.53149e-14
-6.32832e-14
8.7584e-16
1.29479e-13
1.46518e-13
8.0909e-14
-9.75413e-15
-9.18106e-14
-1.16675e-13
-6.13453e-14
-3.12052e-14
-1.44295e-13
-2.06036e-13
-2.47255e-13
-2.70646e-13
-2.00536e-13
-1.01675e-13
-2.14334e-14
2.75478e-14
-3.64087e-14
-1.14347e-13
-9.17085e-14
1.53711e-14
1.42258e-13
1.87148e-13
1.72801e-13
7.72851e-14
-3.6133e-14
-9.98625e-14
-4.36683e-14
-5.84655e-14
-1.6651e-13
-2.45019e-13
-2.66141e-13
-2.10819e-13
-1.34486e-13
-2.24576e-14
2.77336e-14
1.79216e-14
-3.62714e-14
-1.09617e-13
-1.32019e-13
-2.78893e-14
9.02723e-14
1.74749e-13
1.77389e-13
1.13509e-13
6.18998e-14
-5.74052e-14
-6.53794e-15
-1.13897e-14
-7.5345e-14
-1.13416e-13
-1.16244e-13
-9.14019e-14
-1.81459e-14
9.50804e-14
1.41988e-13
2.13119e-14
-8.29765e-14
-1.05e-13
-9.64768e-14
-4.31953e-14
6.91111e-14
1.40294e-13
1.61793e-13
1.05208e-13
4.30755e-14
-1.33232e-14
3.34023e-14
4.73411e-14
5.48712e-14
6.88322e-14
4.72827e-14
4.74644e-14
5.53143e-14
1.38917e-13
1.29747e-13
5.70344e-14
-4.10479e-14
-1.04386e-13
-8.62281e-14
-1.21462e-14
6.1683e-14
1.27855e-13
1.19315e-13
5.58513e-14
-2.50031e-14
-6.34325e-16
5.76311e-14
1.00422e-13
1.35019e-13
1.55682e-13
1.23387e-13
1.20733e-13
1.05241e-13
8.29812e-14
5.18471e-14
7.85433e-14
7.25133e-15
-6.23185e-14
-6.90228e-14
-2.73308e-14
1.24589e-14
8.62244e-14
1.01827e-13
5.85189e-14
1.82216e-15
5.15237e-15
6.17716e-15
9.1565e-14
1.25222e-13
1.34077e-13
1.27409e-13
1.26487e-13
6.51186e-14
5.27653e-15
4.47698e-14
1.07364e-13
6.95245e-14
2.17126e-14
3.66673e-14
6.54174e-15
-3.48721e-15
5.41124e-14
8.52939e-14
6.07974e-14
4.3911e-14
-2.13615e-14
1.01741e-14
8.77094e-14
1.12493e-13
1.275e-13
1.22372e-13
6.87103e-14
3.30392e-14
-2.5854e-14
8.88744e-15
1.43102e-13
1.93364e-13
1.73091e-13
1.34759e-13
5.86272e-14
-5.46666e-15
3.02979e-14
9.44655e-14
1.22586e-13
1.01753e-13
2.42825e-14
1.04202e-14
4.78383e-15
-1.45126e-15
1.77789e-14
9.78669e-15
-8.97766e-16
1.06863e-14
-4.07005e-14
-7.97839e-15
1.66392e-13
2.50227e-13
2.06601e-13
1.17677e-13
6.96195e-14
3.97017e-14
5.53813e-14
1.65467e-13
1.93174e-13
1.7029e-13
7.19138e-14
4.0341e-14
-6.39012e-14
-1.67596e-13
-1.34128e-13
-5.21768e-14
2.05265e-15
-3.4103e-14
-6.90167e-14
-2.36908e-14
1.08915e-13
1.92933e-13
1.96078e-13
1.28429e-13
1.14539e-13
1.10685e-13
1.46087e-13
2.2871e-13
2.21623e-13
1.59446e-13
1.17577e-13
3.33596e-14
-1.04366e-13
-1.92873e-13
-1.86041e-13
-8.91441e-14
-3.52145e-15
-7.04907e-15
-8.51745e-14
-1.14025e-13
1.14325e-14
1.1838e-13
1.77444e-13
1.751e-13
1.77949e-13
1.78843e-13
1.8933e-13
1.62416e-13
1.44301e-13
1.30124e-13
1.02926e-13
3.8536e-14
-4.80469e-14
-9.89719e-14
-7.1033e-14
-3.46514e-14
-1.6647e-14
-1.75265e-14
-9.37526e-14
-1.5177e-13
-1.15487e-13
-5.20876e-14
-1.0545e-14
2.5813e-14
9.60556e-14
1.23682e-13
1.40596e-13
1.27065e-13
1.26772e-13
1.29966e-13
9.17503e-14
1.94513e-14
1.15728e-14
-4.01421e-14
-7.8619e-14
-6.13176e-14
-3.25847e-14
-5.36906e-14
-2.85776e-14
-6.03371e-14
-8.47976e-14
-1.19928e-13
-8.56091e-14
-3.66031e-14
2.1055e-14
6.17079e-14
1.20474e-13
8.37877e-14
6.00101e-14
4.93049e-14
3.22669e-14
5.02229e-15
2.94229e-14
-2.72819e-14
-6.73358e-14
-7.50477e-14
-4.64208e-14
-1.21664e-14
1.3986e-14
1.02681e-14
1.00066e-14
-4.38529e-14
-8.7417e-14
-1.15833e-13
-7.62101e-14
4.5395e-14
1.31026e-13
9.06645e-14
3.17647e-14
6.19682e-15
1.88464e-14
-2.29188e-14
1.49908e-14
9.0485e-15
-4.1211e-14
-9.69169e-14
-7.70874e-14
-7.42801e-15
3.30088e-14
4.15774e-14
4.83788e-14
4.29756e-14
-1.01418e-14
-8.23179e-14
-5.94506e-14
5.35754e-14
1.64265e-13
1.23621e-13
6.11938e-14
-1.16611e-14
-3.36866e-14
2.13153e-14
8.41788e-14
5.37553e-14
-2.35885e-14
-1.00105e-13
-8.86637e-14
-7.32134e-15
7.01722e-14
1.30201e-13
1.51065e-13
1.31758e-13
6.4245e-14
-1.92682e-14
-3.44567e-14
5.68294e-14
1.59229e-13
1.41368e-13
5.88959e-14
-3.84745e-14
-4.30152e-14
4.05417e-14
7.26414e-14
1.10327e-14
-8.39737e-14
-1.41647e-13
-8.63424e-14
-1.0847e-15
8.93027e-14
2.01022e-13
2.02667e-13
1.3999e-13
2.43688e-14
-7.73152e-14
-6.69935e-14
4.35313e-14
1.09644e-13
5.30515e-14
-3.14547e-14
-4.78414e-14
-1.7077e-14
6.553e-14
5.44062e-14
-4.76169e-14
-1.51561e-13
-1.48883e-13
-1.1408e-13
-4.53962e-14
8.11369e-14
1.79671e-13
2.28103e-13
1.28252e-13
-1.54088e-14
-6.66908e-14
-4.34014e-14
-5.28674e-14
-3.4211e-14
-7.52453e-14
-1.1168e-13
-8.86924e-14
-1.38741e-14
7.32276e-14
6.85423e-14
-3.04758e-14
-1.17949e-13
-1.42226e-13
-1.25844e-13
-8.06199e-14
2.17143e-14
1.39268e-13
2.21152e-13
1.42896e-13
-9.70297e-15
-4.66083e-14
-4.90483e-14
-9.22184e-14
-8.03497e-14
-7.63366e-14
-1.2516e-13
-1.00674e-13
-3.23641e-14
4.31414e-14
2.52166e-14
-1.92814e-16
-1.30582e-13
-2.46676e-13
-2.06951e-13
-1.10907e-13
-4.43273e-14
2.45624e-14
1.0793e-13
8.26861e-14
2.47769e-14
-7.3307e-16
-5.14872e-15
1.44429e-14
4.2423e-14
-1.14242e-14
-3.74603e-14
-5.19922e-14
-6.18934e-15
1.81607e-14
2.84841e-14
-1.27697e-14
-1.56586e-13
-2.61058e-13
-2.51345e-13
-2.0825e-13
-1.45289e-13
-6.24577e-14
-1.78206e-14
-2.96315e-14
-1.61735e-14
2.96842e-14
8.89961e-14
1.45922e-13
1.66838e-13
9.25227e-14
5.63327e-14
1.9352e-14
2.37089e-15
-5.88247e-15
-2.0833e-14
-8.64669e-14
-1.58025e-13
-2.00732e-13
-2.29657e-13
-2.41813e-13
-2.06051e-13
-1.16884e-13
-5.98227e-14
-6.51673e-14
-7.62203e-14
1.15189e-14
1.17146e-13
2.02803e-13
2.42657e-13
1.86182e-13
1.19609e-13
1.80864e-14
-4.34987e-14
-1.8852e-14
-9.5909e-15
-4.50208e-14
-6.9891e-14
-1.10222e-13
-1.49208e-13
-1.53422e-13
-1.39809e-13
-1.20674e-13
-9.23847e-14
-8.98135e-14
-6.71752e-14
-2.35428e-14
5.74687e-14
1.43853e-13
1.99433e-13
1.5887e-13
1.05088e-13
2.8837e-14
-3.28453e-14
7.20471e-15
2.86517e-14
3.86679e-14
4.11956e-14
6.95906e-15
-1.12063e-14
-1.18584e-14
-2.12007e-15
-4.03077e-14
-1.11624e-13
-1.13455e-13
-8.55278e-14
-3.02592e-14
1.30087e-14
8.30297e-14
1.45965e-13
1.27323e-13
5.90997e-14
2.04136e-14
-2.15457e-14
3.14821e-14
4.1396e-14
7.42184e-14
1.1577e-13
1.37239e-13
1.3923e-13
1.1564e-13
7.5767e-14
2.51973e-14
-3.79113e-14
-7.94554e-14
-9.14043e-14
-3.64901e-14
7.5795e-15
6.39793e-14
1.21726e-13
6.2295e-14
8.09938e-15
-6.36495e-14
-2.84844e-14
3.27471e-14
5.50157e-14
8.90643e-14
1.46602e-13
1.78308e-13
2.09779e-13
1.86479e-13
9.11997e-14
7.59259e-14
5.68315e-14
-3.67965e-14
-1.02129e-13
-8.11347e-14
-1.96356e-14
2.39213e-14
7.32306e-14
3.27809e-14
1.97704e-14
-2.28102e-14
-2.5293e-14
-6.49722e-14
-2.61004e-14
-5.19569e-15
3.75806e-14
1.32478e-13
2.01616e-13
1.75157e-13
1.11535e-13
1.23772e-13
1.11095e-13
3.18168e-14
-1.74596e-14
-1.67564e-14
-3.56477e-14
-7.13679e-15
4.78193e-14
8.35005e-14
8.3573e-14
5.73478e-14
-3.47054e-14
-9.75678e-14
-7.09529e-14
-5.00287e-14
8.57714e-15
5.77383e-14
1.06009e-13
1.10028e-13
5.54437e-14
1.12938e-13
1.78417e-13
1.68917e-13
1.48471e-13
1.00384e-13
6.71008e-14
3.93913e-14
7.12973e-14
1.17226e-13
1.45425e-13
1.39992e-13
2.02482e-14
-1.81663e-14
-3.48566e-14
-7.39552e-14
-3.18028e-14
-2.10804e-14
-5.05299e-15
2.75533e-14
2.60408e-14
9.16833e-14
2.2204e-13
2.29657e-13
2.08093e-13
1.46105e-13
9.39485e-14
9.74788e-14
1.33312e-13
2.02716e-13
2.35695e-13
1.71088e-13
4.25105e-14
6.18248e-14
-2.28392e-14
-1.19168e-13
-1.0919e-13
-1.04051e-14
-1.44944e-14
-8.41798e-15
-2.70081e-14
4.13803e-14
1.46887e-13
1.82319e-13
2.27372e-13
1.554e-13
8.54865e-14
1.39585e-13
1.84596e-13
2.54093e-13
2.51995e-13
1.63222e-13
1.21778e-13
7.32213e-14
-2.57154e-14
-9.99519e-14
-8.74399e-14
-1.63646e-15
5.17777e-16
-2.20846e-14
-8.56995e-14
-7.52801e-14
-7.93481e-15
1.06403e-13
1.37919e-13
8.28086e-14
9.80998e-14
1.7115e-13
1.67102e-13
1.80674e-13
1.91905e-13
1.86269e-13
1.57947e-13
1.45508e-13
1.46332e-13
9.56252e-14
6.33546e-14
-1.50023e-15
-3.12834e-14
-9.95676e-14
-1.38211e-13
-1.04525e-13
-4.35182e-14
-1.0981e-14
-7.55552e-14
-7.59454e-14
3.99252e-14
1.09028e-13
1.61444e-13
1.87121e-13
1.83968e-13
1.54249e-13
1.34156e-13
1.43681e-13
1.83156e-13
1.75986e-13
8.87029e-14
1.27885e-14
-6.19561e-15
-7.98301e-14
-5.18632e-14
2.22109e-14
7.7282e-14
-2.6448e-15
-7.79043e-14
-8.51053e-14
-4.49386e-14
2.02887e-14
1.35097e-13
1.83446e-13
1.30302e-13
6.44035e-14
6.99414e-14
4.92399e-14
1.5177e-13
1.75376e-13
8.87202e-14
2.05471e-14
-1.56661e-14
-1.63715e-14
3.81247e-14
1.32307e-13
1.44101e-13
5.51239e-14
-5.60335e-14
-1.29943e-13
-1.05685e-13
3.28153e-14
1.43823e-13
1.16596e-13
2.44897e-14
-1.81797e-15
1.03388e-14
7.38144e-15
5.93839e-14
8.80459e-14
4.56178e-14
-2.02128e-14
-4.13143e-14
-8.53217e-16
5.19411e-14
1.16447e-13
1.48981e-13
1.37808e-13
5.09298e-14
-7.53323e-14
-7.96621e-14
5.31314e-14
1.60077e-13
1.1834e-13
2.03463e-14
-2.12068e-14
-4.64612e-14
-2.72308e-14
1.98225e-14
3.7668e-14
3.48897e-14
-2.82123e-14
-2.75602e-14
2.12243e-14
7.71631e-14
1.26474e-13
2.28575e-13
1.9754e-13
1.27448e-13
1.03887e-14
-3.01576e-14
6.50969e-14
1.76107e-13
1.29667e-13
2.87538e-14
-8.05122e-14
-1.12609e-13
-6.31504e-14
1.51797e-14
6.87643e-15
-6.57672e-14
-1.29232e-13
-5.4381e-14
3.2381e-14
1.03178e-13
1.91238e-13
2.39444e-13
1.48686e-13
7.39781e-14
-2.99471e-14
-2.38049e-14
3.81761e-14
1.19002e-13
4.91555e-14
-3.92477e-14
-1.07875e-13
-1.59431e-13
-8.32577e-15
2.11727e-14
-4.36831e-15
-1.21026e-13
-1.62943e-13
-8.75494e-14
-5.15115e-14
5.86378e-14
1.65762e-13
1.89091e-13
9.08341e-14
-1.10099e-14
-6.82209e-14
-4.55005e-14
-3.82366e-14
-1.00385e-14
-3.16562e-14
-9.39553e-14
-1.16163e-13
-1.00919e-13
6.93042e-14
3.96341e-14
-2.10207e-14
-1.00554e-13
-1.60492e-13
-1.26968e-13
-5.97771e-14
7.93876e-15
1.16391e-13
1.6111e-13
8.68265e-14
-2.87727e-14
-2.88978e-14
-2.19173e-14
-2.07051e-14
1.16714e-14
9.74996e-15
-2.13529e-14
-4.94839e-14
-2.24489e-14
8.04207e-14
4.03962e-14
7.66738e-16
-9.6174e-14
-2.36353e-13
-2.00311e-13
-8.63337e-14
-5.79864e-14
7.63529e-15
5.28445e-14
5.82753e-14
5.58322e-14
4.92177e-14
2.52957e-14
4.97547e-14
1.01954e-13
7.68222e-14
3.1917e-14
4.04863e-14
6.93251e-14
7.97696e-14
3.67549e-14
-1.79912e-15
-1.04757e-13
-2.17443e-13
-2.29681e-13
-2.04169e-13
-1.61843e-13
-1.04823e-13
-6.49387e-14
-4.62948e-14
2.79116e-14
9.08439e-14
6.47289e-14
9.30168e-14
1.65775e-13
1.41987e-13
1.23863e-13
1.2834e-13
1.2958e-13
3.23393e-14
9.66062e-15
-2.18492e-14
-1.01099e-13
-1.42888e-13
-1.9532e-13
-2.30213e-13
-2.10367e-13
-1.37481e-13
-8.65758e-14
-6.62272e-14
2.44404e-14
9.26972e-14
9.23111e-14
1.33621e-13
2.10232e-13
1.97176e-13
1.35132e-13
8.54138e-14
5.89803e-14
-2.63978e-14
1.59202e-14
2.09072e-14
-2.6906e-15
-4.43123e-14
-1.16692e-13
-1.65611e-13
-1.65942e-13
-1.72606e-13
-1.39521e-13
-5.23048e-14
4.19371e-14
7.62292e-14
7.43542e-14
1.03162e-13
1.41897e-13
8.44415e-14
3.60273e-14
2.47535e-14
5.64445e-16
-3.21854e-14
-2.41204e-14
5.91044e-14
6.99724e-14
3.75601e-14
1.72995e-14
-4.95138e-15
-9.32541e-14
-1.91047e-13
-1.84912e-13
-9.662e-14
-4.32977e-14
7.47038e-15
2.54435e-14
1.62524e-14
6.82185e-14
3.12843e-14
-8.7598e-15
-5.66513e-15
-1.46373e-14
-1.55423e-14
-3.75005e-14
4.34445e-14
8.78977e-14
1.01974e-13
1.29424e-13
9.7225e-14
-7.76902e-15
-9.72157e-14
-1.19412e-13
-1.06476e-13
-9.9192e-14
-5.36032e-14
-1.32232e-14
9.5713e-17
3.88683e-14
-3.84434e-16
-3.87005e-14
-2.27605e-14
-1.75273e-14
-3.61519e-14
-4.78362e-14
2.24302e-14
1.02321e-13
1.62116e-13
2.01799e-13
1.39804e-13
7.52855e-14
2.52211e-14
-4.12435e-14
-6.74855e-14
-9.07635e-14
-7.21792e-14
-4.85334e-14
-2.64202e-14
3.82072e-14
3.11932e-14
3.66184e-14
4.0234e-14
2.32078e-15
-7.13693e-14
-1.6558e-13
-1.39575e-13
-2.0209e-14
9.3571e-14
1.52735e-13
1.79761e-13
1.59239e-13
1.28735e-13
6.15063e-14
2.33381e-15
-2.09664e-14
-8.52895e-15
-1.58608e-14
1.32338e-14
9.23033e-14
1.22356e-13
1.16869e-13
6.93531e-14
1.53901e-14
-1.20371e-13
-1.78737e-13
-1.89348e-13
-7.83129e-14
1.02261e-14
6.44699e-14
1.09182e-13
1.38462e-13
1.78263e-13
1.77632e-13
1.1368e-13
8.54022e-14
4.14865e-14
2.42446e-15
5.83114e-14
1.41964e-13
1.74302e-13
1.52164e-13
1.15169e-13
-1.20355e-15
-1.12443e-13
-1.12946e-13
-1.10781e-13
-6.16536e-14
-5.25529e-15
-3.17971e-15
5.20056e-15
4.94936e-14
1.6432e-13
2.13607e-13
1.55689e-13
1.48938e-13
5.9556e-14
1.44193e-14
8.55117e-14
1.4109e-13
2.00222e-13
1.93663e-13
1.30853e-13
-2.55355e-14
-7.17709e-15
-1.27012e-14
-6.00497e-14
-3.21104e-14
2.48586e-14
5.8362e-16
4.14245e-15
1.91226e-14
8.60448e-14
9.72824e-14
8.80362e-14
9.67831e-14
4.95994e-14
4.21416e-14
1.03854e-13
1.49606e-13
1.69714e-13
1.87631e-13
1.26248e-13
1.92829e-14
7.88136e-14
7.12891e-14
1.88504e-14
5.19208e-14
3.98236e-14
6.33335e-15
-2.84428e-14
-6.35828e-14
-5.31868e-14
-2.37401e-14
2.87194e-14
1.78171e-14
-2.18134e-15
6.63678e-14
1.33372e-13
1.55555e-13
1.51975e-13
1.77486e-13
1.818e-13
1.213e-13
1.43868e-13
2.03314e-13
2.48068e-13
2.00888e-13
1.59473e-14
-5.03117e-14
-8.80515e-14
-1.25329e-13
-1.00834e-13
-4.30427e-14
-1.24468e-14
-9.75157e-14
-1.02177e-13
-4.45086e-14
2.58827e-14
8.66093e-14
1.07504e-13
8.68634e-14
7.80416e-14
6.17726e-14
1.28133e-13
2.55239e-13
2.86939e-13
2.05152e-13
4.06061e-14
-1.98905e-14
-6.66229e-14
-1.00826e-13
-3.43088e-14
3.54214e-14
4.17558e-14
-3.31283e-14
-1.53315e-14
2.80649e-14
5.59472e-14
1.12452e-13
1.21398e-13
6.46068e-14
-1.6046e-15
2.2981e-15
4.81629e-14
2.15861e-13
2.53868e-13
1.66469e-13
3.30787e-14
1.33761e-14
-1.68945e-14
1.63592e-14
1.06967e-13
1.34414e-13
9.50005e-14
4.39979e-14
2.00859e-14
4.66094e-14
9.85023e-14
1.82849e-13
1.15741e-13
2.34739e-14
-6.77978e-14
-7.43119e-14
-6.31163e-15
1.2218e-13
1.49918e-13
1.1466e-13
2.94117e-14
-1.75239e-14
-9.43625e-15
7.03799e-14
1.75182e-13
1.92929e-13
1.32403e-13
6.35579e-14
5.8038e-15
1.7075e-14
1.41457e-13
2.38195e-13
1.52937e-13
-8.43175e-15
-1.05154e-13
-1.27297e-13
-1.05651e-13
1.43265e-14
5.78855e-14
6.68668e-14
3.35043e-14
3.87276e-15
2.92242e-14
9.22856e-14
2.01465e-13
1.97812e-13
1.36727e-13
8.00936e-14
-1.10049e-14
2.6225e-15
1.2274e-13
2.03598e-13
9.95563e-14
-2.81019e-14
-1.31303e-13
-1.81187e-13
-1.30012e-13
-3.80672e-14
-4.08988e-15
-3.01362e-14
-6.8231e-14
-3.1353e-14
4.11049e-14
9.32979e-14
1.70858e-13
1.74081e-13
1.12449e-13
4.96587e-14
-3.23065e-14
-1.07455e-15
6.42002e-14
6.78342e-14
2.08409e-14
-5.40321e-14
-1.56153e-13
-1.99895e-13
-8.11101e-14
-1.0024e-14
-1.08976e-14
-7.2996e-14
-1.37979e-13
-8.86779e-14
-3.51114e-14
3.27839e-14
9.16548e-14
8.62827e-14
5.90524e-14
-6.48638e-15
-8.21916e-14
-7.66901e-14
-3.85375e-14
-1.35011e-14
4.16685e-15
-4.87907e-14
-1.03896e-13
-1.41751e-13
3.02766e-14
4.84913e-15
-1.33608e-14
-7.44476e-14
-1.50618e-13
-1.48024e-13
-7.04093e-14
-6.41923e-15
2.52244e-14
4.11443e-14
8.67061e-15
-2.52751e-14
-3.52179e-14
-4.30305e-14
-1.1444e-14
4.72229e-14
1.86518e-14
1.70504e-14
-2.33585e-14
-3.3341e-14
1.12501e-13
1.98078e-14
-2.52552e-14
-6.35603e-14
-1.83289e-13
-1.83592e-13
-9.17864e-14
-7.65584e-14
-6.48154e-14
-1.86925e-14
5.07279e-15
3.05744e-14
5.50829e-14
6.58804e-14
8.26946e-14
1.07401e-13
6.03472e-14
5.94293e-14
5.89496e-14
5.1523e-14
8.2887e-14
-9.58265e-16
-5.87007e-14
-6.65212e-14
-1.41279e-13
-1.7077e-13
-1.84773e-13
-1.90249e-13
-1.56387e-13
-9.08539e-14
-3.26012e-14
7.61628e-14
8.57704e-14
6.29246e-14
7.71313e-14
1.42865e-13
1.13287e-13
1.17901e-13
1.15121e-13
1.10111e-13
4.69148e-14
1.97377e-14
-3.31324e-14
-8.28595e-14
-9.17987e-14
-1.60505e-13
-2.34408e-13
-1.73374e-13
-1.28503e-13
-7.51647e-14
-1.6211e-14
1.08952e-13
1.16856e-13
8.45149e-14
4.63419e-14
1.0315e-13
1.32715e-13
1.26769e-13
1.2489e-13
9.36586e-14
2.82421e-14
9.94092e-15
-1.79139e-14
-5.7876e-15
-3.25141e-14
-1.11683e-13
-1.8223e-13
-1.67782e-13
-1.5783e-13
-1.2162e-13
-1.48131e-14
8.04018e-14
1.01665e-13
6.03856e-14
-6.78937e-15
-5.57678e-14
-2.13274e-14
-9.31672e-15
3.89194e-14
2.99986e-14
-6.24639e-15
-2.27711e-14
-1.66971e-14
2.8318e-14
3.82023e-14
-2.20487e-14
-4.45671e-14
-1.15961e-13
-1.66229e-13
-1.55537e-13
-7.83718e-14
-2.05563e-14
3.29882e-16
2.98342e-15
-2.72911e-14
-1.035e-13
-1.39843e-13
-9.20759e-14
-4.44322e-14
-8.20052e-16
-3.51643e-14
-3.79139e-14
-1.50855e-14
2.3709e-14
2.99323e-14
2.58675e-14
3.29888e-14
-2.09577e-14
-1.19592e-13
-1.33955e-13
-1.09485e-13
-1.01447e-13
-6.28335e-14
-1.17828e-14
-3.20783e-14
-5.77845e-14
-8.9717e-14
-3.97955e-14
-1.06065e-14
-2.28716e-14
-9.14091e-14
-1.09707e-13
-8.84568e-14
-3.28664e-14
7.0446e-15
6.49492e-14
8.34715e-14
8.11092e-14
-1.90651e-14
-8.91776e-14
-1.08226e-13
-9.88104e-14
-7.69334e-14
-3.46894e-14
2.3482e-16
2.34315e-14
1.85044e-14
4.0673e-14
2.8256e-14
-5.385e-14
-8.22555e-14
-1.97435e-13
-2.28334e-13
-1.51786e-13
-3.97358e-14
4.18877e-14
9.54619e-14
1.51944e-13
1.2596e-13
4.64929e-14
-1.93583e-14
-7.33014e-14
-6.62369e-14
-3.62048e-14
2.37735e-14
1.26961e-13
1.43336e-13
1.11852e-13
7.05656e-14
8.81856e-15
-9.0691e-14
-2.09852e-13
-2.69444e-13
-1.74076e-13
-5.87788e-14
1.13316e-14
6.24816e-14
1.64196e-13
2.14373e-13
1.4875e-13
8.77685e-14
-1.03819e-14
-7.03871e-14
-5.01538e-14
4.20812e-14
1.30523e-13
2.06914e-13
2.14801e-13
1.25557e-13
2.11468e-14
-1.28555e-13
-1.85913e-13
-2.09286e-13
-1.38454e-13
-5.06309e-14
-2.30375e-14
1.89426e-15
6.93377e-14
1.58941e-13
1.59712e-13
8.89186e-14
1.59414e-14
-7.51025e-14
-6.84222e-14
1.09892e-14
1.15716e-13
2.28521e-13
2.31631e-13
1.35747e-13
-2.01543e-14
-8.97875e-15
-1.06769e-14
-6.84578e-14
-3.47401e-14
-2.90392e-15
-1.06344e-14
-5.7524e-15
2.85154e-14
6.62991e-14
5.6556e-14
3.24738e-14
-1.37717e-14
-4.29095e-14
-6.20387e-14
-2.64324e-14
9.33159e-14
1.60354e-13
1.71865e-13
1.26558e-13
1.9192e-14
9.58531e-14
1.54211e-13
1.32597e-13
1.34764e-13
5.85115e-14
-1.11123e-14
-1.07576e-14
-4.62946e-14
-2.92135e-14
-2.75698e-14
-2.17812e-14
-4.65229e-14
-8.32156e-14
-2.71047e-14
-2.20449e-14
4.09926e-14
8.72212e-14
1.04116e-13
1.25688e-13
6.86901e-14
1.06053e-13
1.84053e-13
2.53463e-13
2.34264e-13
3.82018e-14
-7.12245e-14
-9.29977e-14
-7.27903e-14
-5.84582e-14
-2.43051e-14
-4.44777e-14
-8.11333e-14
-7.94319e-14
-5.13033e-14
1.00872e-14
6.58418e-14
-2.75186e-14
-6.99827e-14
-1.50726e-14
-2.8464e-15
1.1861e-13
2.19747e-13
2.52791e-13
1.92696e-13
-2.57957e-15
-8.53524e-14
-1.0985e-13
-1.11985e-13
-6.19252e-14
1.41709e-14
5.46607e-14
3.38818e-14
3.87854e-14
8.06225e-14
9.28381e-14
9.565e-14
1.40302e-15
-7.43583e-14
-8.2136e-14
-3.46996e-14
3.67146e-14
1.82624e-13
2.11711e-13
1.36132e-13
1.55053e-14
-4.98657e-14
-5.46589e-14
-4.40302e-14
3.23768e-14
1.01641e-13
1.35046e-13
1.29756e-13
1.53056e-13
1.63273e-13
1.6064e-13
1.71464e-13
1.05045e-13
-1.62431e-14
-1.11782e-13
-1.196e-13
-2.70852e-14
1.23391e-13
1.36239e-13
9.02016e-14
4.73966e-14
-2.83185e-14
-4.09435e-14
5.39211e-15
9.35798e-14
1.49899e-13
1.40181e-13
1.12989e-13
1.03663e-13
1.23151e-13
1.88107e-13
2.43926e-13
1.92023e-13
1.34174e-14
-1.27456e-13
-1.59978e-13
-1.34366e-13
-8.80883e-15
4.66356e-14
8.43958e-14
6.2015e-14
-1.89014e-14
-4.07546e-14
-9.63037e-15
6.08921e-14
1.07515e-13
7.17216e-14
4.97478e-14
2.84886e-14
9.21645e-14
1.65493e-13
1.9163e-13
1.38813e-13
2.32648e-14
-1.15192e-13
-1.93383e-13
-1.43266e-13
-3.80353e-14
6.8744e-15
1.88258e-14
1.17194e-14
-2.07927e-14
-1.66034e-14
-3.05286e-14
-3.38021e-15
2.79492e-14
9.75488e-15
3.17214e-14
-1.07429e-14
6.54405e-14
1.00178e-13
1.07811e-13
9.41062e-14
3.42234e-14
-5.06159e-14
-1.39357e-13
-5.29581e-14
-6.14917e-14
-5.44135e-14
-2.061e-14
-5.81498e-14
-7.66058e-14
-3.59625e-14
-5.25175e-14
-7.06926e-14
-8.1114e-14
-5.85081e-14
-2.10418e-14
-5.78918e-14
-5.04851e-14
-6.21507e-14
-1.42543e-14
5.16885e-14
3.24165e-14
-4.79675e-14
-8.39347e-14
1.64519e-16
-7.25218e-14
-1.05015e-13
-7.4342e-14
-1.33476e-13
-1.35534e-13
-9.34042e-14
-7.01893e-14
-8.53273e-14
-9.30096e-14
-6.0416e-14
-3.90865e-14
-4.32329e-14
-7.24108e-14
-1.02936e-13
-6.66785e-14
-2.6932e-14
6.33255e-15
5.44376e-15
-4.8205e-15
7.57814e-14
-3.98973e-14
-1.15177e-13
-1.26129e-13
-1.82774e-13
-1.81716e-13
-9.24773e-14
-1.05304e-13
-1.28261e-13
-9.03229e-14
-5.90123e-14
-4.29861e-14
-1.63169e-14
-2.27884e-14
-1.26669e-14
-6.31631e-15
-4.60259e-14
1.89805e-14
8.75687e-14
7.57058e-14
4.78846e-14
-6.13949e-14
-1.73085e-13
-2.03902e-13
-2.01547e-13
-1.72724e-13
-1.35041e-13
-1.84952e-13
-1.53303e-13
-7.96055e-14
-2.33943e-14
1.18471e-14
2.65672e-14
3.10566e-14
3.08467e-14
2.00303e-14
3.77413e-14
1.0541e-13
1.10367e-13
8.60447e-14
1.08715e-14
-1.5671e-14
-1.13408e-13
-1.5226e-13
-1.78544e-13
-1.81689e-13
-1.93536e-13
-1.77035e-13
-1.05065e-13
-1.8556e-14
4.66047e-14
1.00014e-13
8.77177e-14
6.24612e-14
1.25737e-14
2.00482e-15
9.05101e-14
1.31988e-13
1.0443e-13
3.62152e-14
1.4984e-14
1.34455e-15
-7.33163e-14
-9.07612e-14
-1.18609e-13
-1.8629e-13
-1.9742e-13
-1.84798e-13
-1.10665e-13
-4.13416e-14
4.73378e-15
6.5607e-14
6.85597e-14
3.15362e-14
-6.34403e-14
-1.37193e-13
-9.46351e-14
-2.88454e-14
2.60373e-14
1.08033e-14
9.62401e-15
-4.32693e-14
-1.34305e-13
-6.21427e-14
-5.58194e-14
-1.24998e-13
-1.12865e-13
-1.36176e-13
-1.01389e-13
-3.64489e-14
-1.66121e-14
-1.44896e-15
-1.51896e-14
-1.51914e-14
-7.59555e-14
-1.99696e-13
-2.16644e-13
-1.38472e-13
-6.92102e-14
-3.4976e-14
-7.46871e-14
-5.50294e-14
-8.92894e-14
-4.54032e-14
-6.61758e-14
-6.76827e-14
-3.52637e-14
-4.22786e-14
-5.95245e-14
-4.38822e-14
-5.6369e-14
-5.2692e-14
-4.08789e-14
8.9335e-15
-2.75504e-14
-1.3491e-13
-1.48413e-13
-8.26959e-14
-7.62415e-14
-1.13913e-13
-1.42638e-13
-1.19698e-13
-1.16594e-13
-1.12308e-13
-8.51652e-14
-1.50567e-14
-1.23539e-14
1.72223e-14
-2.43464e-14
-5.89943e-14
-4.88402e-14
-8.69342e-14
-1.07387e-13
-4.36693e-14
-4.75788e-15
-8.48197e-15
-5.82521e-15
1.26745e-14
-1.57733e-14
-1.29909e-13
-1.03565e-13
-1.65297e-13
-2.01235e-13
-1.83859e-13
-1.01086e-13
-1.59226e-14
2.02628e-14
1.11402e-13
1.03097e-13
7.80572e-14
1.21899e-14
-8.37975e-14
-1.14794e-13
-4.45034e-14
3.01481e-14
1.22845e-13
1.55727e-13
1.21909e-13
8.00491e-14
-3.43123e-14
-1.11549e-13
-2.29171e-13
-2.4031e-13
-1.65499e-13
-8.65011e-14
-7.12001e-15
4.9373e-14
1.31397e-13
1.95839e-13
1.79811e-13
9.31098e-14
-2.18448e-14
-9.44533e-14
-6.59074e-14
4.59892e-14
1.50849e-13
2.24214e-13
2.16954e-13
1.53579e-13
3.3725e-14
-9.29234e-14
-1.86882e-13
-1.8701e-13
-9.47315e-14
-6.84592e-14
-1.81232e-14
3.10199e-14
8.85278e-14
1.6158e-13
1.51518e-13
1.06322e-13
-4.53753e-15
-1.37417e-13
-1.18146e-13
-1.30142e-15
1.45556e-13
2.34075e-13
2.12014e-13
1.24372e-13
2.36746e-16
8.52176e-14
5.11788e-14
7.98082e-15
5.15144e-14
1.73363e-14
-1.61632e-14
-4.41771e-15
3.29872e-14
7.57016e-14
9.09128e-14
3.98384e-14
-6.24347e-14
-1.07973e-13
-1.07975e-13
-6.14534e-14
8.7514e-14
1.63764e-13
1.54084e-13
9.92757e-14
5.63258e-14
1.30313e-13
1.78807e-13
1.93396e-13
2.13215e-13
1.11826e-13
-3.25419e-14
-2.0084e-14
-1.42401e-14
2.16458e-15
1.37922e-14
-3.75186e-14
-1.00414e-13
-8.17251e-14
-7.16289e-14
-8.34863e-14
1.59276e-14
2.70039e-14
5.41485e-14
6.59578e-14
5.53125e-14
6.80365e-14
1.74076e-13
1.98875e-13
1.7672e-13
3.61044e-14
-6.72618e-14
-8.3616e-14
-4.8292e-14
-2.84325e-15
5.2425e-14
4.33662e-14
-3.94635e-14
-3.95527e-14
4.98067e-15
6.7451e-14
6.46495e-14
-5.91538e-14
-1.22306e-13
-1.43977e-13
-9.17434e-14
5.84921e-14
1.54225e-13
1.88441e-13
9.99962e-14
-3.6889e-14
-1.1587e-13
-1.3044e-13
-6.71831e-14
-1.41609e-14
3.92568e-14
8.0753e-14
4.31976e-14
4.41525e-14
8.88065e-14
1.1855e-13
1.14277e-13
-5.53792e-15
-8.57936e-14
-1.47675e-13
-7.62454e-14
-2.56503e-14
8.62712e-14
1.10241e-13
5.57077e-14
-5.38079e-14
-1.10643e-13
-1.31836e-13
-7.59382e-14
1.07516e-14
9.59252e-14
1.33934e-13
1.18042e-13
1.46112e-13
1.66401e-13
1.8164e-13
1.85086e-13
1.28361e-13
-1.24876e-14
-1.24848e-13
-1.34891e-13
-7.13837e-14
2.98617e-14
3.80088e-14
2.80062e-14
-2.86892e-14
-8.45841e-14
-1.04257e-13
-9.03435e-14
-5.32792e-14
6.03461e-14
1.32939e-13
1.39901e-13
1.40126e-13
1.65561e-13
1.82902e-13
2.125e-13
1.72688e-13
4.20487e-14
-7.9584e-14
-1.38431e-13
-1.31492e-13
-4.88202e-14
-2.15115e-14
-6.59395e-15
-1.46392e-14
-6.64413e-14
-9.84002e-14
-1.1645e-13
-1.20592e-13
-2.91378e-14
2.14387e-14
7.82917e-14
8.5479e-14
1.32262e-13
1.72655e-13
1.67835e-13
1.32085e-13
3.36025e-14
-4.9377e-14
-1.34214e-13
-1.22001e-13
-6.01084e-14
-4.42858e-14
8.2694e-15
-1.04815e-15
-6.37172e-14
-6.08385e-14
-1.07853e-13
-1.51427e-13
-1.31189e-13
-8.06295e-14
-4.3899e-16
3.3131e-14
7.95266e-14
9.86597e-14
1.00645e-13
1.07415e-13
5.98951e-14
-3.74042e-14
-9.99699e-14
-6.42162e-14
-1.00324e-13
-1.14314e-13
-4.00179e-14
-3.06056e-14
-8.79443e-14
-7.56964e-14
-8.81216e-14
-1.45472e-13
-1.6935e-13
-1.30574e-13
-5.47174e-14
-2.17635e-15
-2.5795e-14
-7.34783e-14
-4.05197e-14
1.38162e-14
5.18585e-15
-4.68769e-14
-5.69129e-14
-4.23703e-14
-9.31856e-14
-1.62059e-13
-1.30439e-13
-1.17468e-13
-1.194e-13
-8.64691e-14
-8.85173e-14
-1.19712e-13
-1.5504e-13
-1.14921e-13
-6.08366e-14
-3.94553e-14
-1.15488e-13
-1.84937e-13
-1.41987e-13
-8.89893e-14
-5.37977e-14
-3.65903e-15
-1.14857e-14
3.08779e-14
-4.78952e-14
-1.41761e-13
-2.06308e-13
-2.30087e-13
-1.20464e-13
-4.36996e-14
-9.26696e-14
-1.32408e-13
-1.40554e-13
-1.52429e-13
-1.20726e-13
-1.03805e-13
-1.18319e-13
-1.54211e-13
-1.24873e-13
-1.14833e-13
-1.55824e-14
8.96242e-14
9.94685e-14
2.42193e-14
-5.74482e-14
-1.47819e-13
-2.29108e-13
-2.33145e-13
-1.2853e-13
-4.2239e-14
-9.22399e-14
-9.09799e-14
-8.65489e-14
-1.04393e-13
-8.85753e-14
-1.05215e-13
-9.20814e-14
-8.93583e-14
-8.59029e-14
-6.67868e-14
2.92623e-14
9.25966e-14
6.66088e-14
-2.76346e-14
-4.68787e-14
-8.47713e-14
-1.45441e-13
-2.10938e-13
-1.93802e-13
-1.09037e-13
-6.33698e-14
-3.77928e-14
1.214e-15
3.01609e-14
1.09381e-14
-4.49135e-15
-2.73549e-14
-7.39763e-14
-7.88432e-14
-3.14467e-14
2.57011e-14
4.35936e-14
-2.16897e-14
-6.09331e-14
-6.20692e-14
-9.44809e-14
-1.50454e-13
-2.23114e-13
-2.36642e-13
-1.63267e-13
-1.00129e-13
-5.17225e-14
2.75034e-14
4.12043e-14
5.30914e-14
3.5586e-14
4.08088e-15
-7.53179e-14
-1.09114e-13
-9.5961e-14
-6.45787e-14
-5.20912e-14
-8.03743e-14
-1.13963e-13
-1.19619e-13
-1.7091e-13
-1.46251e-13
-1.80346e-13
-1.8095e-13
-1.41655e-13
-1.3436e-13
-7.00409e-14
3.62174e-14
3.85289e-14
4.11454e-14
3.50108e-14
-9.8932e-15
-5.00514e-14
-1.22273e-13
-1.53878e-13
-1.63439e-13
-1.59887e-13
-1.36369e-13
-1.58954e-13
-1.23719e-13
-1.29919e-13
-9.82109e-14
-9.935e-14
-1.06604e-13
-9.4328e-14
-1.13093e-13
-4.56182e-14
3.61028e-14
9.84181e-15
7.90066e-15
-2.46268e-14
-4.75239e-14
-6.08503e-14
-1.24616e-13
-1.17221e-13
-1.10902e-13
-1.70372e-13
-1.76937e-13
-1.54372e-13
-1.55728e-13
-1.32243e-13
-9.53241e-14
-9.44673e-14
-5.82003e-14
-3.94638e-14
-3.65571e-14
-8.72389e-15
2.20705e-14
-2.95951e-14
-5.3859e-14
-8.752e-14
-1.30879e-13
-1.02593e-13
-3.10019e-14
1.6308e-14
-1.43019e-14
-1.0327e-13
-1.44259e-13
-1.24615e-13
-1.43131e-13
-1.39485e-13
-1.25936e-13
-1.10009e-13
-5.77435e-14
-2.83719e-14
2.26729e-14
8.66442e-14
8.80638e-14
2.60334e-16
-5.0427e-14
-8.64371e-14
-1.14409e-13
-3.72592e-14
1.27264e-13
1.63035e-13
9.85476e-14
3.47866e-14
-4.94327e-14
-1.0692e-13
-1.53348e-13
-1.10929e-13
-7.739e-14
-9.23072e-14
-2.43946e-14
9.03913e-15
6.89036e-14
1.59008e-13
1.60719e-13
9.20689e-14
-3.67057e-14
-8.82244e-14
-1.04425e-13
3.05984e-15
1.51033e-13
1.83583e-13
1.72994e-13
1.22244e-13
-8.13537e-15
-8.24181e-14
-1.15832e-13
-4.34731e-14
-2.33212e-14
-8.01143e-14
-5.39301e-14
-1.8729e-14
6.19484e-14
1.71264e-13
1.96009e-13
1.17108e-13
-3.44849e-14
-1.18635e-13
-1.37346e-13
-1.47812e-14
1.139e-13
1.42473e-13
1.28714e-13
5.35715e-14
-3.20413e-14
1.03536e-14
7.80379e-14
1.2475e-13
9.87456e-14
1.59249e-14
-5.48752e-14
-6.12732e-14
1.88396e-15
1.19555e-13
1.44266e-13
4.64963e-14
-6.28874e-14
-6.72174e-14
-5.9747e-14
-3.06444e-14
5.39268e-14
1.01896e-13
7.806e-14
1.13787e-14
-4.59548e-14
5.56384e-14
1.38283e-13
1.86454e-13
1.81045e-13
7.82075e-14
-3.31014e-14
-8.73137e-14
-3.29038e-14
7.4488e-14
1.07916e-13
1.66752e-14
-7.00252e-14
-1.03636e-14
-1.83164e-14
-2.17695e-14
3.78597e-15
-2.34002e-14
-2.75954e-14
-5.9398e-14
-7.16425e-14
-7.45916e-15
9.14035e-14
1.51058e-13
1.08666e-13
5.4504e-15
-8.24078e-14
-1.01273e-13
-1.09962e-14
4.93392e-14
1.00057e-13
9.77513e-14
2.43158e-14
-3.21505e-14
-7.76969e-14
-3.07542e-14
1.77548e-15
-2.13185e-14
-7.10399e-14
-1.26576e-13
-1.33906e-13
-1.87275e-14
4.44519e-14
7.94139e-14
3.30646e-14
-5.7559e-14
-1.13798e-13
-7.06244e-14
1.47937e-14
2.8e-14
1.3438e-14
2.14012e-14
-2.36621e-14
-4.80136e-14
5.36507e-15
5.84254e-14
8.08673e-14
3.22207e-14
-2.46852e-14
-1.03626e-13
-1.11599e-13
-9.18476e-14
-2.46755e-14
5.28409e-15
-2.35785e-14
-1.01041e-13
-1.37195e-13
-8.48753e-14
-2.02246e-15
8.12776e-15
1.62458e-15
1.59375e-14
1.89464e-15
3.5691e-14
1.17673e-13
1.52008e-13
1.82242e-13
1.24139e-13
-6.12941e-16
-1.02107e-13
-1.27112e-13
-1.16427e-13
-7.4389e-14
-7.51309e-14
-7.69715e-14
-1.10762e-13
-1.51165e-13
-1.05556e-13
-6.10725e-14
-4.4607e-14
-1.36107e-14
2.04791e-14
5.34538e-14
8.97513e-14
1.20867e-13
1.81614e-13
2.09935e-13
1.40355e-13
2.68949e-14
-8.47171e-14
-1.16232e-13
-6.91422e-14
-1.02665e-13
-1.31813e-13
-1.1265e-13
-9.7966e-14
-1.2828e-13
-7.08446e-14
-8.2228e-14
-1.04677e-13
-1.09195e-13
-8.96755e-14
3.29092e-14
7.50551e-14
1.00951e-13
1.54702e-13
1.4909e-13
9.11226e-14
4.00285e-14
-1.17574e-14
-8.06749e-14
-6.74701e-14
-9.45008e-14
-1.41523e-13
-1.51405e-13
-1.03709e-13
-9.22878e-14
-6.62906e-14
-7.37841e-14
-1.25809e-13
-1.55565e-13
-1.44268e-13
-6.2099e-14
2.03204e-14
6.92475e-14
1.09267e-13
8.50969e-14
3.50075e-14
1.13429e-15
-6.59258e-14
-6.77871e-14
-8.96175e-14
-8.08586e-14
-1.62673e-13
-1.59866e-13
-1.02298e-13
-8.2545e-14
-6.61023e-14
-5.69587e-14
-8.58221e-14
-1.25786e-13
-1.61872e-13
-1.31793e-13
-6.15379e-14
-4.17155e-14
-5.4215e-14
-2.59471e-14
-2.49354e-14
-6.662e-14
-9.31113e-14
-7.43308e-14
-9.14214e-14
-9.32201e-14
-1.38067e-13
-1.69505e-13
-1.23134e-13
-6.47946e-14
1.0512e-14
-1.16915e-14
-4.46472e-14
-9.04552e-14
-1.50094e-13
-1.61988e-13
-1.30548e-13
-1.49582e-13
-1.53287e-13
-9.79847e-14
-9.02966e-14
-7.96867e-14
-7.95155e-14
-7.83376e-14
-4.27432e-14
-7.26875e-14
-1.4337e-13
-2.06104e-13
-1.85696e-13
-1.49438e-14
7.06005e-14
3.77351e-14
-4.58779e-14
-9.77753e-14
-1.70326e-13
-1.66143e-13
-1.61069e-13
-1.7395e-13
-1.63385e-13
-1.29582e-13
-1.40167e-13
-7.33382e-14
-1.52574e-14
-1.78799e-15
-3.02861e-14
-6.17106e-14
-1.20243e-13
-1.45965e-13
-1.25951e-13
-2.33421e-14
3.72951e-14
5.18681e-14
5.13554e-15
-6.37088e-14
-1.24032e-13
-1.20584e-13
-1.69024e-13
-1.66809e-13
-1.38723e-13
-1.02139e-13
-9.57957e-14
-4.1829e-14
2.98355e-14
1.21706e-14
-6.38732e-14
-7.66919e-14
-8.54097e-14
-9.27081e-14
-1.14934e-13
-1.13901e-13
-1.51563e-14
7.54468e-14
7.43451e-14
3.33034e-14
1.41351e-14
-5.87086e-14
-8.06873e-14
-9.05386e-14
-8.41399e-14
-5.07557e-14
-4.74216e-14
-3.06592e-14
-4.64542e-14
-5.6789e-14
-1.15958e-13
-1.16697e-13
-1.35553e-13
-1.64072e-13
-2.03738e-13
-1.89223e-13
-5.826e-14
6.67192e-14
5.38025e-14
4.61811e-14
5.38785e-14
4.7878e-14
3.57115e-14
-2.40296e-14
-6.12201e-14
-6.42131e-14
-9.17784e-14
-9.97285e-14
-1.10986e-13
-1.11594e-13
-1.67436e-13
-1.62089e-13
-1.57146e-13
-1.46853e-13
-1.66705e-13
-1.64838e-13
-9.8966e-14
-5.71277e-14
-1.04182e-14
4.03946e-14
5.13288e-14
8.69632e-14
3.96955e-14
-1.0262e-14
1.64161e-15
-3.72477e-14
-1.20418e-13
-1.83909e-13
-2.06432e-13
-1.83512e-13
-1.51635e-13
-1.73913e-13
-1.51764e-13
-9.74753e-14
-9.80018e-14
-1.06553e-13
-1.06534e-13
-1.05771e-13
-2.42661e-14
6.03211e-14
6.35048e-14
5.39195e-14
1.00764e-14
-1.0366e-14
-7.69364e-15
-7.91991e-15
-5.45685e-14
-1.57905e-13
-2.5011e-13
-1.92035e-13
-1.27966e-13
-1.53733e-13
-1.28603e-13
-9.72895e-14
-8.47979e-14
-9.38539e-14
-7.64179e-14
-3.30101e-14
-1.69554e-14
4.37226e-14
4.01697e-14
2.48739e-14
-2.04713e-14
-7.52566e-14
-4.51805e-14
2.466e-14
2.864e-14
-8.65893e-14
-1.52629e-13
-1.09927e-13
-6.28598e-14
-8.06935e-14
-8.25582e-14
-7.14728e-14
-6.9945e-14
-9.20522e-14
-4.16454e-14
2.12834e-14
4.39415e-14
6.22696e-14
7.53692e-15
-3.72545e-14
-3.77418e-14
-8.2738e-14
4.60882e-15
1.19751e-13
8.73113e-14
1.36797e-14
-4.49227e-14
-3.47842e-14
-3.45108e-14
-4.37134e-14
-1.57582e-14
1.45933e-14
-5.71574e-14
-6.49906e-14
-3.14733e-14
1.76128e-14
1.16348e-13
1.54299e-13
8.27624e-14
-2.71941e-14
-6.79959e-14
-9.89995e-14
-9.28476e-16
9.9482e-14
8.64785e-14
9.41097e-14
6.66397e-14
-7.82706e-15
-5.01124e-14
-1.06415e-14
4.98679e-14
5.0294e-14
-3.37241e-14
-5.00906e-14
-6.82654e-14
1.05191e-14
1.16003e-13
1.8526e-13
1.09128e-13
-2.62196e-14
-9.02225e-14
-1.23978e-13
-3.7424e-14
6.57408e-14
9.45893e-14
6.98748e-14
3.52763e-14
-3.76829e-14
-2.32699e-14
6.12021e-14
9.97474e-14
9.8704e-14
2.19865e-14
-5.49915e-14
-1.00117e-13
-1.20142e-15
1.30235e-13
1.5762e-13
9.67157e-14
8.53657e-15
-1.25589e-14
-5.53561e-14
-6.7605e-14
2.39405e-14
7.00244e-14
2.15933e-14
-3.72119e-14
-1.06881e-13
-3.63594e-14
8.86462e-14
1.27497e-13
1.10563e-13
5.82316e-14
-4.81674e-14
-1.0496e-13
-2.38173e-14
6.2911e-14
1.4288e-13
1.17039e-13
6.53177e-14
2.68782e-14
-5.55999e-14
-8.55597e-14
-2.49821e-14
-1.98886e-15
-4.15218e-14
-9.03017e-14
-1.40205e-13
-2.21566e-14
4.01108e-14
9.52671e-14
1.0923e-13
5.784e-15
-6.33997e-14
-4.99015e-14
2.62545e-14
4.77814e-14
7.25476e-14
8.45213e-14
2.99983e-15
-9.89879e-14
-1.65889e-13
-1.21239e-13
-8.66047e-14
-3.77873e-14
-3.83089e-14
-7.01999e-14
-8.87152e-14
-2.40096e-14
3.04417e-15
-1.12446e-14
5.02527e-16
-3.555e-14
-5.35977e-14
2.23171e-14
8.15393e-14
6.54314e-14
2.28487e-14
-1.32337e-14
-8.62925e-14
-1.45909e-13
-1.26886e-13
-8.97787e-14
-4.14566e-14
-3.34419e-15
1.91568e-14
-1.23221e-14
-3.30717e-14
-5.69825e-14
-4.07462e-14
-7.74904e-14
-8.31413e-14
-5.59788e-14
-6.17369e-14
-9.0729e-15
3.69405e-14
2.6045e-14
-4.71351e-14
-8.2924e-14
-1.10352e-13
-1.20337e-13
-5.76143e-14
1.77786e-14
9.19187e-14
8.56491e-14
2.91972e-14
1.50658e-14
-3.07106e-14
-8.23724e-14
-9.28938e-14
-1.39921e-13
-8.85537e-14
-8.4458e-14
-9.39916e-14
-1.84995e-14
5.19125e-15
-2.38199e-14
-5.52054e-14
-8.51117e-14
-7.10078e-14
-2.32373e-14
1.26215e-14
9.1616e-14
1.59803e-13
1.70967e-13
7.71184e-14
6.32172e-15
-4.83314e-14
-2.90822e-14
-9.13352e-14
-1.73305e-13
-1.16727e-13
-1.18385e-13
-7.50374e-14
-1.33028e-14
-1.86172e-14
-5.52063e-14
-9.90236e-14
-1.34957e-13
-4.10708e-14
3.92711e-14
5.48333e-14
1.11508e-13
1.44049e-13
1.27694e-13
1.01266e-13
4.30278e-14
1.43959e-14
-4.1942e-14
-9.12609e-14
-1.61569e-13
-1.99132e-13
-1.60468e-13
-8.38639e-14
-3.91675e-14
-5.92161e-14
-1.02445e-13
-1.15311e-13
-1.44073e-13
-5.26896e-14
5.3015e-14
4.504e-14
7.95479e-14
7.5619e-14
3.92549e-14
7.00682e-15
-2.8949e-14
-1.4813e-14
-8.24985e-14
-1.06736e-13
-1.39608e-13
-2.12336e-13
-1.51164e-13
-8.06013e-14
-2.4648e-15
-2.39926e-14
-5.87878e-14
-4.44229e-14
-9.98705e-14
-8.90817e-14
-3.59973e-14
-3.48507e-14
-2.12774e-14
-2.94103e-14
-6.53731e-14
-8.45878e-14
-1.08887e-13
-6.21456e-14
-3.93255e-14
-2.65562e-14
-7.42382e-14
-1.69893e-13
-1.32833e-13
-2.35098e-14
6.36306e-14
5.8697e-14
3.07485e-14
-2.70081e-15
-9.48184e-14
-1.5124e-13
-1.47055e-13
-1.28266e-13
-1.31405e-13
-1.08106e-13
-1.07292e-13
-1.24781e-13
-1.27157e-13
-8.75709e-14
-2.79685e-14
-5.39665e-14
-1.10275e-13
-1.58142e-13
-1.19409e-13
1.20988e-14
1.49809e-13
1.43327e-13
1.00364e-13
-4.39699e-15
-1.13561e-13
-1.23608e-13
-1.60046e-13
-1.63546e-13
-1.72763e-13
-1.62297e-13
-1.51232e-13
-1.33664e-13
-1.07147e-13
-9.88754e-14
-7.97315e-14
-1.16837e-13
-1.00553e-13
-8.41612e-14
-3.69676e-14
2.53492e-14
1.27502e-13
1.79518e-13
1.31696e-13
2.31126e-14
-7.17212e-14
-1.13151e-13
-1.621e-13
-1.68452e-13
-1.05873e-13
-6.23419e-14
-7.26931e-14
-8.14106e-14
-6.8563e-14
-1.0804e-13
-1.04524e-13
-1.05713e-13
-8.67302e-14
-4.00388e-14
-1.01894e-14
1.64604e-14
1.03825e-13
1.75332e-13
1.1758e-13
8.02301e-14
1.40287e-14
-7.07339e-14
-1.04273e-13
-5.99869e-14
-2.23306e-15
7.66728e-14
3.79948e-14
-3.93183e-14
-9.67853e-14
-1.37089e-13
-1.73845e-13
-1.15972e-13
-1.08075e-13
-9.11118e-14
-8.83938e-14
-7.36109e-14
2.29069e-14
1.10861e-13
7.67728e-14
5.54397e-14
6.25378e-14
3.34507e-14
3.07567e-14
4.19318e-14
4.17553e-14
6.26352e-14
-1.23056e-14
-5.35356e-14
-1.05474e-13
-1.67284e-13
-2.09971e-13
-1.45659e-13
-8.81874e-14
-9.61882e-14
-9.76926e-14
-8.22341e-14
-5.85408e-14
-2.84095e-14
-1.18352e-14
1.58123e-14
6.17221e-14
7.97031e-14
4.98338e-14
2.39237e-14
6.17654e-14
4.61788e-14
-4.23489e-14
-8.8419e-14
-1.71309e-13
-2.18314e-13
-2.0268e-13
-1.42433e-13
-9.33574e-14
-8.77843e-14
-5.82233e-14
-6.58652e-14
-6.90753e-14
-6.6518e-14
-3.70814e-14
6.27316e-14
1.02101e-13
5.96095e-14
1.97704e-14
2.2025e-14
9.66987e-14
6.56633e-14
-2.16831e-14
-1.21903e-13
-2.27386e-13
-2.55692e-13
-1.09074e-13
-9.81386e-14
-5.72743e-14
-4.55352e-14
-1.87412e-15
-4.65757e-14
-3.27886e-14
-3.23633e-14
-3.0596e-14
4.88418e-14
1.07923e-13
7.28174e-14
8.55704e-15
-1.19628e-14
5.11613e-14
6.13565e-14
2.21728e-14
-8.64208e-14
-1.38053e-13
-1.34553e-13
-2.4215e-14
-3.07996e-14
3.49724e-15
-2.07581e-14
-9.92939e-15
-4.85197e-14
-3.68192e-14
-1.09338e-14
1.56023e-14
7.19498e-14
8.38122e-14
4.9e-14
2.7252e-14
-3.08804e-14
-8.76956e-16
5.54079e-14
2.63325e-14
-3.18449e-14
-2.87539e-14
-3.25618e-15
4.75747e-14
6.33191e-14
2.69517e-14
1.59821e-14
-2.61938e-14
-5.48516e-14
-4.57934e-14
-1.67944e-14
6.71498e-14
1.11478e-13
9.56272e-14
4.7446e-14
5.38493e-15
-5.391e-14
-2.26822e-14
2.33074e-14
1.42978e-14
9.05285e-15
2.77863e-14
3.9513e-14
1.03416e-13
1.05685e-13
6.78624e-14
5.94565e-14
-2.09184e-15
-8.29935e-14
-7.99701e-14
-2.98338e-14
6.23121e-14
1.35087e-13
1.2551e-13
6.7858e-14
-1.40576e-14
-6.06284e-14
-6.74306e-14
5.8044e-15
1.11816e-14
-2.80882e-14
-3.82102e-14
2.46708e-14
5.96214e-14
1.01738e-13
9.49634e-14
6.9515e-14
1.49813e-14
-6.36792e-14
-1.06071e-13
-1.77179e-14
5.88974e-14
1.36589e-13
1.41355e-13
9.93762e-14
1.08151e-14
-8.27207e-14
-7.98578e-14
-6.64871e-15
1.1821e-15
-6.50347e-14
-5.95958e-14
-2.52411e-14
7.67052e-15
1.0917e-13
1.41033e-13
1.27656e-13
6.78693e-14
-4.65728e-14
-9.90734e-14
-1.21727e-14
5.16217e-14
1.38553e-13
1.39616e-13
8.94487e-14
1.61748e-14
-1.02221e-13
-9.81473e-14
-5.3151e-14
-2.2626e-14
-6.4442e-14
-6.36562e-14
-3.84726e-14
-1.45552e-14
9.61618e-14
1.15062e-13
6.64215e-14
2.80939e-14
-8.87232e-15
3.60257e-14
1.98945e-15
1.31688e-14
6.80471e-14
1.19238e-14
-7.3188e-14
-1.65159e-13
-1.95667e-13
-1.5418e-13
-7.6962e-14
-1.33677e-14
1.93349e-14
-7.30337e-15
-5.85982e-14
-1.94673e-15
2.60841e-14
-6.4516e-15
-1.2573e-14
1.10856e-14
7.19697e-14
1.3958e-13
8.34192e-14
5.10063e-14
3.74775e-14
-5.01819e-14
-1.48217e-13
-2.08809e-13
-1.93317e-13
-1.3074e-13
-5.02698e-14
2.53715e-14
9.48483e-14
8.83266e-14
2.57838e-14
-1.9549e-14
-4.09976e-14
-1.04159e-13
-1.05831e-13
-7.1933e-15
4.98934e-14
1.08335e-13
8.96264e-14
5.49628e-14
-2.24184e-14
-1.10272e-13
-1.79617e-13
-2.17345e-13
-1.6245e-13
-5.87624e-14
4.36296e-14
1.16667e-13
1.33463e-13
1.43193e-13
5.70012e-14
-4.17883e-14
-9.4167e-14
-1.45611e-13
-1.2582e-13
-6.27346e-14
-1.08132e-15
9.40356e-14
9.41939e-14
3.66105e-14
-4.37192e-14
-1.10202e-13
-1.32697e-13
-9.51068e-14
-2.89533e-14
5.54096e-14
1.39965e-13
1.86796e-13
1.41532e-13
9.12669e-14
1.5281e-14
1.28206e-14
-6.05033e-14
-1.07596e-13
-1.19374e-13
-9.1668e-14
6.51661e-15
1.30814e-13
1.37625e-13
4.23504e-14
-2.73476e-14
-6.4817e-14
-3.83833e-14
2.33316e-14
8.50029e-14
7.15584e-14
1.25024e-13
1.4433e-13
1.23953e-13
5.83302e-14
4.1425e-14
2.0055e-14
-3.11913e-14
-1.04915e-13
-1.62339e-13
-1.19303e-13
-1.73067e-14
9.45195e-14
1.06161e-13
4.37643e-14
-2.01577e-14
-5.67182e-14
-8.06045e-15
9.33376e-14
8.29763e-14
6.40971e-14
5.25661e-14
-3.09869e-16
-3.30045e-14
1.70878e-15
3.22555e-14
2.31428e-14
-2.12992e-14
-7.56968e-14
-1.60102e-13
-1.04839e-13
-1.07464e-14
9.82687e-14
1.09581e-13
5.20884e-14
3.00089e-14
1.81468e-14
7.33639e-15
3.23852e-14
2.84112e-14
6.96992e-15
-5.34223e-14
-1.23853e-13
-1.31039e-13
-5.50452e-14
4.52657e-14
8.68173e-14
8.49282e-14
-3.82631e-15
-9.40142e-14
-1.06543e-13
-1.06361e-14
1.39362e-13
1.42227e-13
1.06296e-13
9.31614e-14
1.81568e-14
-2.69374e-14
-5.18091e-14
-3.3955e-14
-7.66799e-14
-1.02281e-13
-1.01763e-13
-1.01446e-13
-7.28423e-14
4.38234e-14
2.3621e-14
7.44373e-14
3.42888e-14
-3.0546e-14
-4.33374e-14
5.18852e-14
2.21138e-13
2.35602e-13
1.84946e-13
9.82414e-14
-1.77529e-14
-4.45584e-14
-8.99815e-14
-9.05926e-14
-8.83851e-14
-8.89843e-14
-1.25825e-13
-1.14601e-13
-1.01671e-13
-5.94318e-14
-8.40876e-14
-2.74635e-15
4.21625e-14
4.95327e-14
6.76197e-14
1.43298e-13
2.47715e-13
2.66229e-13
1.60002e-13
5.22979e-14
-3.94943e-14
-7.03636e-14
-1.01909e-13
-1.20312e-13
-2.7217e-14
5.91095e-15
-5.13531e-14
-9.86372e-14
-9.65221e-14
-1.23328e-13
-1.5283e-13
-5.10888e-14
3.63867e-14
9.0415e-14
1.2224e-13
1.55372e-13
1.91625e-13
1.7796e-13
7.59374e-14
1.31106e-14
-4.68046e-14
-1.19299e-13
-9.19453e-14
-3.91546e-15
1.03206e-13
1.62049e-13
8.78748e-14
-5.64062e-14
-1.59129e-13
-2.03314e-13
-2.21982e-13
-7.25783e-14
2.19386e-14
7.5626e-14
8.50689e-14
1.17073e-13
1.41132e-13
8.8528e-14
3.61832e-14
2.8848e-14
6.5987e-15
-1.72081e-14
1.53246e-14
5.80732e-14
1.30233e-13
1.38975e-13
7.71339e-14
-2.62575e-14
-1.87555e-13
-2.7524e-13
-2.27277e-13
-7.28561e-14
9.99538e-15
2.98706e-14
3.50034e-14
7.45385e-14
5.27282e-14
-1.07481e-14
-1.06272e-14
5.10192e-14
3.86747e-14
2.29485e-14
1.12997e-14
4.04396e-14
9.6865e-14
1.12128e-13
4.67169e-14
-2.64167e-14
-1.37692e-13
-2.68317e-13
-1.62177e-13
-4.89239e-14
3.80995e-15
2.1378e-14
2.57095e-14
2.96812e-14
-8.00048e-15
-2.53662e-14
-1.3224e-14
4.9001e-14
5.58614e-14
3.85718e-14
2.11559e-14
4.77158e-14
8.16131e-14
8.31212e-14
2.51905e-14
-5.61329e-14
-1.26226e-13
-2.0701e-13
-5.30594e-14
3.37518e-14
5.20298e-14
3.89431e-14
6.64738e-14
2.39332e-14
1.52468e-15
1.48281e-14
2.86631e-14
8.80991e-14
6.60055e-14
2.36199e-14
1.72389e-14
-1.2963e-15
-9.8569e-15
2.09366e-14
1.71358e-14
-4.11593e-14
-5.56314e-14
-8.95131e-14
7.69893e-14
1.08917e-13
5.49837e-14
-2.89019e-15
5.29435e-15
-2.99855e-14
-3.6345e-14
7.60779e-15
4.73398e-14
1.20241e-13
7.95833e-14
4.17666e-14
-1.15172e-14
-8.71442e-14
-8.63262e-14
-3.57055e-14
-1.33262e-15
-2.98014e-14
-7.59898e-16
3.50032e-14
1.53293e-13
1.5598e-13
5.19868e-14
-3.52985e-14
-7.97483e-14
-9.70075e-14
-8.908e-14
-1.57305e-14
4.64557e-14
1.13398e-13
1.29263e-13
1.1291e-13
4.28449e-14
-8.7888e-14
-8.98575e-14
-9.07063e-14
-6.21695e-14
-3.44282e-14
-4.74886e-15
7.87293e-14
1.57942e-13
1.80045e-13
8.63187e-14
-2.71884e-14
-1.17913e-13
-1.41018e-13
-1.07117e-13
-3.99012e-14
3.70924e-14
1.19379e-13
1.77473e-13
1.30849e-13
4.18644e-14
-7.39397e-14
-6.64748e-14
-6.15216e-14
-7.56427e-14
-6.42211e-14
-4.96533e-14
4.24886e-14
8.93273e-14
1.54163e-13
1.18192e-13
1.97656e-16
-5.82531e-14
-1.03249e-13
-1.10881e-13
-2.12361e-14
9.5461e-14
1.76725e-13
2.13743e-13
1.63183e-13
1.56701e-14
-5.0836e-14
-2.03229e-14
-6.73888e-14
-8.61338e-14
-1.20537e-13
-7.68109e-14
-9.56606e-15
2.95269e-14
1.57687e-13
1.61992e-13
8.92054e-14
3.25705e-14
-5.67508e-14
-1.02135e-13
-3.5024e-14
8.11672e-14
1.58669e-13
1.58377e-13
6.94383e-14
-4.53217e-14
-1.08711e-13
-7.98123e-14
-7.25356e-14
-6.89363e-14
-7.22729e-14
-5.77515e-14
-4.27359e-14
-9.81081e-15
6.62268e-14
6.17817e-14
3.65474e-14
4.30527e-14
3.91181e-14
6.73684e-14
3.75326e-14
1.48878e-14
4.67568e-14
-1.49993e-14
-1.19113e-13
-1.79199e-13
-1.8909e-13
-1.44204e-13
-3.4965e-14
6.32558e-14
8.28003e-14
4.92698e-14
-2.97038e-14
-1.39642e-14
2.55858e-15
-7.99899e-17
2.86285e-14
5.887e-14
1.34358e-13
1.84033e-13
1.0645e-13
4.45237e-14
-2.00299e-14
-1.13277e-13
-1.78032e-13
-1.77725e-13
-1.79953e-13
-1.0911e-13
3.80085e-14
1.41759e-13
1.64182e-13
1.44627e-13
4.65653e-14
-3.99172e-14
-6.6302e-14
-7.00713e-14
-2.16533e-14
4.96207e-14
1.12294e-13
1.35734e-13
1.16817e-13
8.9803e-14
-3.27371e-14
-1.79407e-13
-2.34302e-13
-1.92704e-13
-1.60039e-13
-8.28097e-14
7.48831e-14
1.71882e-13
1.95895e-13
1.59441e-13
5.86686e-14
-2.41132e-14
-4.93982e-14
-9.05581e-14
-5.40891e-14
-9.47666e-16
9.12979e-14
1.58179e-13
1.90777e-13
1.275e-13
7.85655e-16
-7.56147e-14
-1.39117e-13
-8.77292e-14
-2.98709e-14
1.33463e-14
8.64391e-14
1.71616e-13
1.69237e-13
1.23779e-13
3.73635e-14
5.83567e-14
1.57103e-14
-5.58427e-14
-8.47553e-14
-2.34242e-15
1.12251e-13
2.04272e-13
2.2468e-13
1.36065e-13
6.29573e-14
3.5165e-14
1.66446e-14
4.82371e-14
8.05909e-14
6.28169e-14
9.43893e-14
1.29241e-13
9.00767e-14
7.02639e-14
5.74759e-14
8.09998e-14
5.10811e-14
-3.91498e-14
-1.05984e-13
5.75895e-15
7.75611e-14
1.6318e-13
2.33695e-13
1.85072e-13
1.14774e-13
8.37353e-14
8.84327e-14
1.24652e-13
9.42293e-14
8.15704e-14
5.57012e-14
-7.44399e-15
8.91623e-15
1.59773e-14
6.80467e-14
1.28838e-13
1.2957e-13
3.27701e-14
-3.69634e-14
-1.41151e-16
3.63537e-14
1.22099e-13
2.17408e-13
1.85926e-13
1.68685e-13
1.69142e-13
1.06261e-13
7.90695e-14
8.76394e-14
5.26074e-14
-3.12881e-15
-9.78705e-14
-1.08409e-13
2.75521e-15
8.76186e-14
1.84089e-13
2.21142e-13
1.60706e-13
2.17874e-14
-1.6138e-14
2.90361e-15
1.25898e-13
1.89062e-13
2.06241e-13
2.11054e-13
1.59611e-13
4.7312e-14
1.16933e-14
2.99716e-14
3.27062e-14
6.20459e-15
-5.02298e-14
-7.63409e-14
-2.65542e-14
6.77553e-14
7.29002e-14
2.01778e-13
2.05458e-13
1.17572e-13
8.68795e-14
1.11572e-13
2.23596e-13
2.74428e-13
2.33417e-13
1.83831e-13
8.24574e-14
-1.00556e-14
-1.08873e-14
1.01144e-14
6.3309e-14
4.32593e-14
-3.29736e-14
-7.20674e-14
-6.07088e-14
-2.86484e-14
-2.48929e-14
1.06184e-13
1.87059e-13
1.67329e-13
1.81061e-13
2.03591e-13
2.7931e-13
2.74272e-13
1.74657e-13
7.44554e-14
-1.14332e-14
-3.84839e-14
-4.51147e-14
-5.49662e-15
8.40221e-14
9.72913e-14
9.12689e-15
-6.6423e-14
-8.56801e-14
-8.38149e-14
-1.2381e-13
-6.93062e-15
1.08536e-13
1.47488e-13
1.93793e-13
1.90346e-13
2.05341e-13
1.69348e-13
8.78163e-14
6.15469e-15
-6.3904e-14
-1.14835e-13
-7.51796e-14
-2.75604e-15
1.29515e-13
1.89505e-13
1.4458e-13
-2.25981e-14
-1.73254e-13
-1.85542e-13
-1.73294e-13
-3.49506e-14
5.30587e-14
9.99938e-14
1.62308e-13
1.84331e-13
1.48493e-13
1.04072e-13
7.49646e-14
4.08244e-14
-6.5722e-14
-1.18819e-13
-9.02446e-14
-7.83137e-15
1.30937e-13
1.84797e-13
1.81967e-13
-3.05215e-15
-2.01548e-13
-2.73449e-13
-1.38136e-13
-2.35662e-14
5.31181e-14
1.04719e-13
1.13102e-13
1.50931e-13
9.81582e-14
2.92812e-14
5.22166e-14
7.52191e-14
2.46401e-14
-4.07336e-14
-8.34027e-14
-3.08864e-14
8.95628e-14
1.66655e-13
1.60668e-13
3.08473e-14
-9.99145e-14
-1.8873e-13
-4.11607e-14
1.95469e-14
6.40108e-14
1.18355e-13
1.14487e-13
1.31741e-13
7.28708e-14
3.9771e-16
3.42102e-14
5.94293e-14
3.38864e-14
6.63417e-15
-1.89386e-14
-3.4027e-14
3.97189e-14
1.17947e-13
1.24782e-13
5.51014e-14
3.47791e-15
-5.59778e-14
5.59299e-14
8.64067e-14
8.51081e-14
1.14598e-13
1.26848e-13
9.73812e-14
7.24795e-14
6.38389e-14
8.72306e-14
9.48225e-14
4.15938e-14
9.95261e-15
-2.48557e-14
-4.09379e-14
-5.425e-14
-1.88364e-14
6.44328e-14
2.78325e-14
3.44733e-14
4.68361e-14
1.78643e-13
1.8098e-13
9.45032e-14
4.71513e-14
3.14727e-14
3.67901e-14
4.16501e-14
6.52598e-14
1.14724e-13
1.38722e-13
9.68853e-14
3.64594e-14
-4.44453e-14
-7.7539e-14
-7.93713e-14
-7.1211e-14
-3.20973e-14
-3.76912e-14
9.73388e-15
1.00783e-13
2.32963e-13
2.14509e-13
1.04137e-13
-2.94018e-15
-4.39552e-14
-5.69438e-14
-3.01446e-14
8.72917e-15
7.30328e-14
1.46597e-13
1.38326e-13
9.11298e-14
-1.13002e-14
-6.76266e-14
-1.09828e-13
-1.34818e-13
-8.83962e-14
-4.74006e-14
1.31252e-14
1.25019e-13
1.35497e-13
1.50652e-13
8.09562e-14
-2.2405e-15
-1.22416e-13
-1.49376e-13
-1.18814e-13
-4.46689e-14
6.38769e-14
1.62784e-13
1.62994e-13
1.15966e-13
2.67949e-14
-5.22103e-14
-1.02248e-13
-1.73753e-13
-1.34517e-13
-7.38943e-14
-1.58838e-14
3.62535e-14
4.87853e-14
9.27054e-14
8.62972e-14
7.71286e-15
-6.56909e-14
-1.12875e-13
-1.05138e-13
-1.5215e-14
9.24746e-14
1.77706e-13
1.84686e-13
1.24557e-13
2.68433e-14
-1.95126e-14
-4.75507e-14
-1.28188e-13
-1.60431e-13
-1.23074e-13
-7.95589e-14
-2.13652e-14
3.05361e-14
1.15944e-13
8.98996e-14
4.81948e-14
1.20089e-14
-1.27579e-14
-5.75441e-14
-2.14728e-14
7.0802e-14
1.35387e-13
1.28349e-13
4.14792e-14
-7.11979e-14
-1.11901e-13
-9.06586e-14
-9.66647e-14
-8.634e-14
-7.79782e-14
-5.86079e-14
-2.79703e-14
-1.13323e-14
3.86104e-16
2.086e-14
4.39989e-14
7.33901e-14
1.03367e-13
1.21047e-13
8.60034e-14
3.71262e-14
-8.84862e-15
-3.26678e-14
-6.77789e-14
-9.65966e-14
-1.04083e-13
-1.03087e-13
-2.17417e-14
3.03838e-14
2.97987e-14
-8.42668e-15
-3.16536e-14
-7.73743e-14
-4.311e-14
-1.43095e-14
4.81579e-14
9.89597e-14
1.53272e-13
1.71895e-13
9.98216e-14
1.19394e-14
-1.01481e-13
-1.54131e-13
-1.2489e-13
-8.52631e-14
-7.45777e-14
-3.23528e-14
6.19313e-14
1.19944e-13
1.24433e-13
5.89778e-14
-1.72947e-14
-5.10776e-14
-7.29197e-14
-5.40061e-14
1.25142e-14
1.12891e-13
1.719e-13
1.59399e-13
9.98436e-14
3.80498e-14
-8.65646e-14
-1.84698e-13
-1.47565e-13
-7.59769e-14
-5.08155e-14
5.56878e-15
1.30775e-13
2.18241e-13
1.85656e-13
1.17667e-13
5.05524e-14
2.48468e-14
-1.03017e-14
-4.80465e-14
-4.92928e-14
8.61906e-14
1.89726e-13
1.81096e-13
1.53998e-13
1.21709e-13
9.7769e-15
-1.01256e-13
-1.02695e-13
-3.07786e-14
1.52046e-14
7.6545e-14
1.53238e-13
1.74614e-13
1.68566e-13
1.23792e-13
9.02669e-14
8.13554e-14
6.62277e-14
-1.96884e-14
-2.17815e-14
1.09133e-13
1.92043e-13
2.01562e-13
1.85567e-13
1.43614e-13
9.1158e-14
5.56539e-14
8.78623e-15
4.44534e-14
5.12366e-14
1.08837e-13
1.2899e-13
1.11957e-13
1.10085e-13
7.53291e-14
7.74546e-14
1.61148e-13
1.44423e-13
5.336e-14
3.04965e-14
8.83267e-14
9.49747e-14
1.3138e-13
1.98275e-13
2.05116e-13
1.66189e-13
1.33459e-13
7.40393e-14
8.566e-14
5.62504e-14
5.66056e-14
6.03777e-14
-6.95825e-15
1.86382e-14
1.58171e-14
5.61742e-14
2.22439e-13
2.77904e-13
1.7089e-13
9.56645e-14
5.30581e-14
1.82903e-14
7.16198e-14
1.91101e-13
2.61417e-13
2.29396e-13
1.94887e-13
1.34792e-13
7.52907e-14
3.86085e-14
1.87798e-14
-1.92125e-15
-8.40106e-14
-7.48612e-14
-6.35367e-15
7.70674e-14
2.09126e-13
3.15382e-13
2.69e-13
1.64905e-13
8.32567e-14
6.55407e-16
4.53622e-14
1.70216e-13
2.37923e-13
2.46734e-13
2.16563e-13
1.30295e-13
1.04347e-13
6.80201e-14
6.11335e-14
2.87747e-14
-4.76035e-14
-6.80965e-14
-3.46818e-14
6.68883e-14
1.41573e-13
2.59289e-13
2.48449e-13
2.0611e-13
1.44628e-13
6.56225e-14
9.63749e-14
1.88463e-13
1.9011e-13
2.01822e-13
1.18016e-13
6.24937e-14
8.03938e-14
1.17966e-13
1.30945e-13
7.36101e-14
-2.12775e-14
-4.55768e-14
-6.56422e-14
7.43086e-15
5.6173e-15
1.16244e-13
1.93541e-13
1.93671e-13
1.70816e-13
1.37486e-13
1.74791e-13
1.77378e-13
1.32936e-13
1.28036e-13
3.01919e-14
-2.8011e-14
1.67493e-14
8.58682e-14
1.25505e-13
1.07488e-13
3.47289e-14
-1.16441e-14
-8.62349e-14
-7.63371e-14
-9.24592e-14
1.55732e-15
1.04378e-13
1.49144e-13
1.47174e-13
1.20322e-13
1.1409e-13
1.05584e-13
3.35739e-14
-4.53282e-15
-5.08826e-14
-1.16791e-13
-1.23486e-13
-2.95686e-14
1.30723e-13
1.92981e-13
1.79853e-13
5.69124e-15
-1.45775e-13
-1.36287e-13
-1.20786e-13
-2.57301e-14
5.02862e-14
9.15212e-14
8.67395e-14
7.22702e-14
4.00634e-14
4.79405e-14
7.79628e-15
-3.06387e-14
-8.79929e-14
-1.43787e-13
-1.71686e-13
-6.58751e-14
9.99779e-14
2.09815e-13
2.10327e-13
5.0913e-14
-1.29081e-13
-1.66136e-13
-2.752e-14
3.37603e-14
7.91303e-14
6.03778e-14
5.34246e-14
5.67581e-14
6.18537e-14
4.2152e-14
5.38195e-14
4.89289e-14
-1.18518e-14
-9.34837e-14
-1.3818e-13
-7.48158e-14
9.96176e-14
2.02682e-13
2.04351e-13
9.33057e-14
-5.27187e-15
-5.56861e-14
8.54823e-14
7.78341e-14
7.50117e-14
9.60885e-14
1.11975e-13
9.56368e-14
8.07607e-14
6.46111e-14
7.43677e-14
6.69051e-14
3.609e-14
-2.63137e-14
-1.08271e-13
-1.03084e-13
2.93284e-14
1.60957e-13
2.00138e-13
1.13163e-13
6.61429e-14
5.17066e-14
1.11647e-13
1.00809e-13
6.37614e-14
9.88099e-14
1.12651e-13
1.28123e-13
1.47513e-13
1.20139e-13
1.04201e-13
6.42037e-14
3.9748e-14
-9.40366e-15
-1.46555e-13
-1.51688e-13
-1.03763e-13
-2.23503e-14
8.54877e-14
7.41818e-14
8.41081e-14
1.00174e-13
1.99255e-13
1.71341e-13
6.96772e-14
4.92482e-14
6.56569e-14
1.10482e-13
1.40859e-13
1.68477e-13
1.28776e-13
1.17805e-13
1.02917e-13
-2.96649e-15
-1.46374e-13
-1.5026e-13
-1.17593e-13
-1.36059e-13
-5.21094e-14
5.90648e-16
7.73186e-14
1.44401e-13
2.05081e-13
1.57656e-13
7.24104e-14
1.33342e-14
-1.83111e-14
-6.17178e-15
6.99393e-14
9.97349e-14
1.3476e-13
1.45731e-13
1.19857e-13
3.23163e-14
-8.04809e-14
-1.05098e-13
-1.40206e-13
-1.91066e-13
-1.24944e-13
-5.40162e-14
2.63644e-14
1.44547e-13
1.05209e-13
8.86539e-14
4.9606e-14
1.63055e-14
-7.07644e-14
-8.63527e-14
-1.23194e-14
3.91735e-14
1.03547e-13
1.46968e-13
1.21656e-13
4.01061e-14
4.86282e-15
-7.54005e-14
-1.53079e-13
-2.16704e-13
-1.40194e-13
-1.10792e-13
-4.67341e-14
7.53236e-14
7.70812e-14
6.17029e-14
7.52544e-14
3.65185e-14
1.03406e-14
-1.37794e-14
1.48073e-14
4.92011e-14
7.52018e-14
1.07201e-13
1.11107e-13
7.52575e-14
1.5522e-14
-3.22049e-14
-9.84136e-14
-1.57992e-13
-1.7847e-13
-1.67907e-13
-9.9068e-14
1.65116e-14
2.7767e-14
3.3547e-14
2.79926e-14
7.41448e-14
7.17409e-14
6.72474e-14
4.8925e-14
4.95937e-14
6.74029e-14
6.21633e-14
8.57803e-14
5.36631e-14
-2.19081e-14
-5.83452e-14
-8.53087e-14
-1.0732e-13
-7.96452e-14
-1.03046e-13
-6.71608e-14
7.8118e-15
-1.24506e-13
-8.74061e-14
-3.81241e-14
2.72837e-14
6.96274e-14
1.17102e-13
1.03416e-13
5.73172e-14
3.76937e-14
-2.29756e-14
-4.74597e-14
-6.74954e-14
-5.93774e-14
-1.06412e-14
-2.5289e-14
-1.9365e-14
-7.64397e-15
-6.76965e-14
-1.2498e-13
-1.55126e-13
-1.60551e-13
-1.63491e-13
-9.62609e-14
3.61921e-16
5.19311e-14
9.00627e-14
9.37435e-14
3.10428e-14
-5.81962e-14
-1.1726e-13
-1.24216e-13
-7.86833e-14
-2.92167e-14
-1.30537e-14
2.1147e-14
3.79023e-14
6.34267e-14
1.76321e-14
-3.11469e-14
-9.67592e-14
-1.00964e-13
-1.53319e-13
-1.54629e-13
-6.12147e-14
4.73724e-14
8.92416e-14
8.67053e-14
3.78876e-14
-4.35901e-14
-1.19152e-13
-1.17129e-13
-5.56975e-14
-1.33055e-14
1.4227e-14
9.4931e-14
1.28306e-13
1.48573e-13
1.09981e-13
6.65938e-14
-2.91447e-15
-2.21599e-14
-7.65759e-14
-9.97129e-14
-7.34812e-14
4.52887e-14
1.43126e-13
1.35624e-13
1.02669e-13
7.06361e-14
-5.49461e-15
-5.73313e-14
-6.38139e-14
-2.0796e-14
5.61309e-14
1.36538e-13
1.49174e-13
1.30869e-13
1.14329e-13
1.01096e-13
4.66132e-14
4.38144e-14
1.92974e-14
-6.71063e-15
-7.59568e-17
8.34064e-14
1.60365e-13
1.5659e-13
1.11024e-13
9.4025e-14
8.72081e-14
1.30483e-14
-6.90688e-15
2.88389e-14
3.56152e-14
1.15286e-13
1.12911e-13
8.07514e-14
7.82859e-14
5.81785e-14
5.20512e-14
1.90465e-13
1.44086e-13
9.41348e-14
6.14699e-14
7.41624e-14
8.29523e-14
1.06857e-13
1.24655e-13
1.1777e-13
1.22766e-13
6.96314e-14
1.031e-14
1.92529e-14
2.11385e-14
2.55009e-14
3.00058e-14
4.45342e-15
6.02414e-15
2.20389e-14
7.24546e-14
2.33605e-13
2.28667e-13
1.68071e-13
1.03343e-13
5.06773e-14
1.0078e-14
6.9162e-14
1.54227e-13
2.21863e-13
1.84927e-13
1.42921e-13
5.37128e-14
-1.0025e-14
-2.10905e-14
-3.1203e-14
-3.38248e-14
-7.57948e-14
-6.53395e-14
-6.18564e-14
5.16328e-14
1.99573e-13
2.48177e-13
2.3754e-13
1.91271e-13
1.14201e-13
5.97102e-14
6.85641e-14
1.37884e-13
2.04279e-13
2.0111e-13
1.94781e-13
1.36226e-13
9.6081e-14
4.13789e-14
-1.13213e-14
-3.67209e-14
-3.61211e-14
-8.33229e-14
-7.37304e-14
3.99518e-14
1.2682e-13
2.18821e-13
2.29736e-13
1.72083e-13
1.13343e-13
4.74052e-14
3.98213e-14
1.00196e-13
1.51453e-13
1.65014e-13
1.48941e-13
9.62063e-14
1.1192e-13
1.26602e-13
6.30205e-14
5.38888e-15
-3.32636e-14
-6.59777e-14
-1.08609e-13
-2.70125e-14
-4.16872e-14
7.33479e-14
1.40096e-13
1.11867e-13
7.74108e-14
2.49359e-14
4.87111e-14
7.93534e-14
1.01166e-13
1.32423e-13
1.06009e-13
-1.38324e-15
2.56057e-14
1.18907e-13
1.21927e-13
6.88862e-14
1.36982e-14
-5.59721e-14
-1.37284e-13
-1.37325e-13
-8.28875e-14
-2.65231e-14
9.46176e-14
6.31423e-14
2.2711e-14
-4.62309e-15
-4.49001e-15
1.79416e-14
-4.4114e-15
9.44439e-15
3.21483e-14
-3.37177e-14
-6.25269e-14
1.06323e-14
1.25599e-13
1.69826e-13
1.11315e-13
-1.91056e-14
-1.06611e-13
-1.00054e-13
-4.27837e-14
-2.30999e-14
4.19423e-14
2.72112e-14
1.11326e-14
-2.14348e-14
-5.24173e-14
-4.03906e-14
-3.87493e-14
-5.81867e-14
-5.04525e-14
-8.47476e-14
-1.06031e-13
-5.11643e-14
7.11825e-14
1.71192e-13
1.459e-13
3.37134e-14
-2.53724e-14
-9.82178e-15
7.73836e-14
6.17206e-14
5.19744e-14
2.98927e-14
3.27746e-14
3.61216e-15
1.00414e-14
5.09047e-14
4.2624e-14
6.82948e-15
-4.30336e-14
-1.00435e-13
-1.27055e-13
-8.76004e-14
5.73793e-14
1.61948e-13
1.61323e-13
8.06915e-14
8.18929e-14
6.80781e-14
1.49803e-13
1.4405e-13
8.17972e-14
3.24622e-14
2.81177e-14
3.41117e-14
5.30097e-14
1.18036e-13
9.05039e-14
4.00272e-14
-1.97892e-14
-8.1999e-14
-1.41878e-13
-1.33098e-13
-5.42667e-15
1.28452e-13
1.45177e-13
7.97381e-14
7.65824e-14
1.09188e-13
1.08931e-13
1.17618e-13
5.02773e-14
4.23504e-15
8.52652e-15
8.3079e-14
1.14574e-13
1.26856e-13
1.10295e-13
4.59335e-14
3.96808e-15
-5.86311e-14
-1.6152e-13
-1.7969e-13
-1.44592e-13
-7.65758e-14
9.71148e-15
5.63652e-14
6.75224e-14
8.29955e-14
1.45238e-13
1.06291e-13
4.03755e-14
3.95783e-15
2.52186e-14
8.69886e-14
1.27963e-13
1.33178e-13
9.39911e-14
4.9475e-14
2.73065e-14
-5.90887e-14
-2.07707e-13
-2.15778e-13
-1.84086e-13
-1.88088e-13
-7.46247e-14
2.82934e-14
1.05571e-13
1.46784e-13
1.63353e-13
8.12683e-14
-1.33215e-14
-3.30699e-14
-1.07208e-15
4.46975e-14
7.9761e-14
9.51784e-14
1.14563e-13
1.00636e-13
4.36963e-14
-4.6185e-14
-1.59669e-13
-1.90333e-13
-1.92283e-13
-2.12095e-13
-1.43382e-13
-5.61834e-14
5.03933e-14
1.36587e-13
7.04099e-14
5.99931e-14
-3.62799e-16
-1.9734e-14
2.28366e-15
3.21758e-14
7.51677e-14
1.08647e-13
1.04851e-13
1.25904e-13
6.4914e-14
-4.53064e-14
-6.51647e-14
-1.21386e-13
-1.6389e-13
-1.54229e-13
-1.31744e-13
-1.36966e-13
-6.23556e-14
2.41432e-14
1.23761e-14
4.24454e-14
5.61317e-14
4.35842e-14
3.94107e-14
6.93601e-14
1.06588e-13
1.13808e-13
7.80597e-14
7.58284e-14
2.59847e-14
-3.23149e-14
-5.45219e-14
-3.78134e-14
-5.41318e-14
-5.58361e-14
-9.1847e-14
-1.4719e-13
-1.02301e-13
-4.15949e-14
-6.43827e-14
-2.71889e-14
-7.44218e-15
1.48863e-14
8.89835e-14
1.26405e-13
9.45777e-14
8.24694e-14
6.85128e-14
3.09015e-14
1.73716e-14
-4.20808e-14
-3.10649e-14
-1.12437e-14
-2.65534e-14
-1.69693e-14
-5.00581e-14
-9.18353e-14
-1.124e-13
-9.26584e-14
-2.03027e-13
-1.31974e-13
-1.17203e-14
4.18e-14
3.07842e-14
7.02462e-14
3.68001e-14
-1.069e-14
1.39093e-14
-3.31782e-14
-7.15755e-14
-1.10595e-13
-1.03257e-13
-4.42191e-14
-6.07911e-15
1.28532e-15
-3.44937e-14
-1.05648e-13
-1.92307e-13
-2.45298e-13
-1.93927e-13
-1.94349e-13
-8.81653e-14
-8.58251e-15
-1.83454e-14
-1.48523e-14
-9.16449e-15
-2.86301e-15
-4.91103e-14
-1.01294e-13
-8.66123e-14
-6.55305e-14
-5.03913e-14
-5.47158e-14
-1.60371e-14
1.15147e-14
-5.66813e-16
-3.76698e-14
-6.46899e-14
-1.35113e-13
-1.3453e-13
-1.54557e-13
-1.2116e-13
-3.50027e-14
-3.72605e-14
-6.4478e-14
-1.69582e-14
8.41009e-15
-5.72429e-14
-1.16654e-13
-1.01875e-13
-5.22251e-14
-4.31372e-14
-2.88542e-14
9.17822e-15
4.19627e-14
6.18302e-14
4.29857e-14
-5.98895e-15
-4.46113e-14
-7.49754e-14
-6.79581e-14
-9.46044e-14
-8.14331e-14
-5.72247e-14
-4.76695e-14
-8.80109e-15
3.73954e-14
3.59283e-15
-5.84684e-15
-3.87749e-14
-8.5842e-14
-6.92956e-14
-3.75099e-14
7.37834e-15
1.77123e-14
1.47759e-14
2.14958e-14
-5.77223e-15
-2.96946e-14
-5.02635e-15
-1.29205e-14
-3.83569e-14
-6.73984e-14
-3.01902e-14
-3.0582e-15
5.83094e-14
6.49671e-14
4.59913e-14
7.61479e-14
-6.20602e-15
-7.94621e-14
-7.73819e-14
-8.01873e-14
-3.87077e-14
6.81528e-15
2.89441e-15
9.95364e-15
6.94223e-15
1.25658e-14
9.53377e-14
9.21819e-14
4.10149e-14
-1.5787e-14
-1.80805e-14
-3.14143e-15
2.66057e-14
4.00367e-14
4.83115e-14
1.09985e-13
2.42527e-14
-8.41098e-14
-8.82439e-14
-7.6373e-14
-5.02883e-14
-2.69038e-14
-3.4413e-14
-2.9633e-14
-3.77394e-14
2.26936e-14
1.31331e-13
1.51226e-13
1.12714e-13
4.97471e-14
-2.1261e-15
2.76036e-15
9.73185e-15
4.14004e-14
1.14612e-13
1.4337e-13
7.12265e-14
-7.15197e-14
-8.03795e-14
-5.485e-14
-7.93101e-14
-1.00926e-13
-1.23703e-13
-1.05696e-13
-8.19973e-14
1.97615e-14
1.02917e-13
1.80339e-13
1.86718e-13
1.03197e-13
4.6918e-14
3.37031e-14
1.63997e-14
7.94431e-14
1.63791e-13
1.69249e-13
1.30044e-13
3.01966e-14
-2.60575e-14
-2.94982e-14
-7.07888e-14
-1.16355e-13
-1.15366e-13
-1.5367e-13
-1.20324e-13
-6.04411e-15
4.34358e-14
1.53783e-13
1.50546e-13
6.65081e-14
1.66754e-15
-2.45942e-14
-2.91135e-14
5.38516e-14
1.34871e-13
1.63445e-13
1.38943e-13
4.16469e-14
1.47631e-14
3.28974e-14
6.18624e-15
-4.44445e-14
-9.424e-14
-1.69154e-13
-1.95336e-13
-9.5638e-14
-7.32468e-14
2.39903e-14
6.85519e-14
7.86879e-15
-3.79854e-14
-4.73154e-14
-5.26316e-14
3.31658e-14
1.02666e-13
1.68997e-13
1.5358e-13
5.49665e-14
4.72857e-14
1.00999e-13
9.32663e-14
5.56261e-14
-5.95497e-14
-1.53513e-13
-1.97562e-13
-1.57507e-13
-1.67212e-14
4.18478e-18
2.55452e-14
-4.86576e-14
-9.30029e-14
-6.72536e-14
-7.01149e-14
-9.3374e-15
2.3712e-14
6.81238e-14
7.65591e-14
5.15766e-14
6.01192e-14
8.80888e-14
8.00698e-14
1.25741e-13
2.82406e-14
-8.24997e-14
-1.45498e-13
-1.06935e-13
1.66382e-14
-1.14693e-14
-4.95865e-14
-1.09757e-13
-1.05877e-13
-6.85722e-14
-6.48394e-14
-5.23429e-14
-4.14953e-14
-1.36576e-14
1.4333e-15
1.6456e-14
3.01737e-14
2.48192e-14
5.93622e-14
1.01129e-13
8.37319e-14
-5.79317e-15
-2.44411e-14
-1.18978e-15
6.37447e-14
5.73924e-15
-4.25305e-14
-9.21587e-14
-6.4688e-14
-5.53316e-14
-2.88218e-14
-8.20047e-16
-5.09682e-15
5.62849e-15
-6.8316e-16
-2.42143e-14
-1.24854e-14
-1.81632e-14
1.66986e-14
8.39474e-14
8.62252e-14
7.9767e-14
8.32156e-14
8.95981e-14
1.11407e-13
1.01646e-13
1.35329e-14
-4.33772e-14
-6.85013e-14
-5.63146e-14
-1.57429e-14
3.90976e-14
4.26244e-14
2.04663e-14
1.79202e-14
-4.72666e-14
-4.97345e-14
-5.45875e-14
-1.75954e-14
4.41367e-14
5.66849e-14
7.56894e-14
1.03507e-13
1.37162e-13
8.86055e-14
6.79602e-14
2.62401e-14
-3.16934e-14
-3.99175e-14
3.86319e-14
8.09256e-14
5.19079e-14
6.23953e-14
3.03327e-15
-3.79443e-14
-5.35884e-14
-9.51363e-14
-1.02824e-13
-1.13078e-13
-7.34142e-14
2.03195e-14
4.53202e-14
8.30981e-14
6.58641e-14
8.83177e-14
6.57347e-14
3.6345e-14
-1.4229e-14
4.3812e-14
1.38553e-13
1.13272e-13
5.67547e-14
6.08203e-14
-2.32922e-14
-6.58478e-14
-1.2112e-13
-1.67323e-13
-1.92342e-13
-1.94667e-13
-1.52535e-13
-3.83596e-14
3.84257e-14
4.83906e-14
8.89993e-14
7.26415e-14
2.28113e-14
-1.34858e-14
-3.38284e-15
5.79123e-14
1.32928e-13
9.34882e-14
3.48533e-14
2.266e-14
-3.03547e-14
-8.20891e-14
-1.51808e-13
-1.65289e-13
-1.90416e-13
-1.93761e-13
-1.91838e-13
-1.0534e-13
-7.09814e-14
-2.44158e-14
5.68197e-14
-2.19416e-14
-1.19628e-14
-4.51883e-15
-6.74924e-15
4.73784e-14
1.03137e-13
8.37587e-14
4.04761e-14
1.47944e-14
-1.32927e-14
-8.47462e-14
-1.27985e-13
-1.00114e-13
-1.03874e-13
-1.22326e-13
-9.95596e-14
-1.21809e-13
-1.02397e-13
-6.02833e-14
-3.02428e-14
-1.25436e-13
-3.28626e-14
-1.94401e-14
2.13947e-14
3.09816e-14
6.34159e-14
6.47645e-14
7.2048e-14
9.01627e-15
-1.94031e-14
-8.55794e-14
-1.37066e-13
-9.61357e-14
-3.61473e-14
1.59211e-14
6.35221e-15
-5.49529e-14
-1.11601e-13
-1.3752e-13
-1.46031e-13
-1.66744e-13
-1.01676e-13
-2.11135e-14
1.53411e-14
5.28178e-14
8.92449e-14
5.28412e-14
3.70447e-14
1.47262e-14
-4.38718e-14
-9.51156e-14
-1.41456e-13
-1.02491e-13
1.61709e-14
5.60112e-14
3.55754e-14
-3.37083e-14
-1.20304e-13
-2.04713e-13
-2.34747e-13
-1.64796e-13
-9.53713e-14
5.61935e-15
3.20691e-14
-9.99825e-16
1.28475e-14
-7.43943e-15
9.62276e-15
6.70247e-15
-1.10197e-14
-2.79031e-14
-8.90766e-14
-1.45e-13
-9.39006e-14
-1.43584e-14
-6.73362e-15
-5.48114e-15
-4.66871e-14
-1.60153e-13
-1.99705e-13
-1.40161e-13
-9.38213e-14
-3.06433e-14
7.20948e-15
-3.73385e-14
-4.64961e-14
-3.56392e-14
-2.66985e-14
-1.44187e-14
-1.43584e-14
4.20289e-15
-2.78159e-14
-9.11154e-14
-1.11135e-13
-3.5321e-14
-2.17218e-14
-2.69269e-14
-5.58793e-14
-7.9494e-14
-1.44621e-13
-6.57742e-14
-3.23368e-14
-3.5913e-14
-2.65509e-14
-6.30019e-14
-8.10328e-14
-6.88077e-14
-1.82436e-14
-4.37731e-14
-4.36777e-14
-2.55115e-14
-5.0324e-14
-6.8619e-14
-7.15806e-14
-5.21144e-14
-2.93289e-14
-2.79944e-14
-6.5215e-14
-7.81475e-14
-9.9848e-14
-2.75487e-14
1.44384e-14
-2.90641e-14
-9.15851e-14
-1.31993e-13
-1.58891e-13
-9.22922e-14
-1.18512e-14
4.08159e-16
2.28366e-14
-3.23302e-14
-8.81817e-14
-9.80295e-14
-9.04082e-14
-6.46585e-14
-6.60346e-14
-5.05496e-14
-5.72565e-14
-7.5899e-14
-4.87132e-14
-1.18361e-14
1.65259e-14
-5.78901e-14
-1.73243e-13
-1.86952e-13
-1.74529e-13
-5.48395e-14
4.56454e-14
8.52272e-14
9.14423e-14
-6.01992e-15
-1.33617e-13
-1.55022e-13
-1.19048e-13
-8.34542e-14
-5.35477e-14
-1.85651e-14
-3.30792e-14
-6.15624e-14
-1.81835e-14
5.22392e-14
6.54843e-14
-2.5159e-14
-1.58024e-13
-1.44462e-13
-1.20817e-13
-3.30288e-14
6.40765e-14
8.72737e-14
8.84758e-14
-3.62309e-14
-1.73445e-13
-2.03715e-13
-1.57202e-13
-9.94968e-14
-6.67018e-14
-4.82759e-14
-4.68775e-14
-7.47497e-14
-4.02103e-15
9.47206e-14
1.04454e-13
3.37521e-14
-7.70898e-14
-1.05797e-13
-6.19083e-14
7.18119e-15
7.89976e-14
1.14015e-13
1.09304e-13
-7.56945e-15
-1.6543e-13
-1.90512e-13
-1.21806e-13
-8.55191e-14
-9.19468e-14
-1.06718e-13
-1.30062e-13
-8.27707e-14
-9.59563e-16
5.59824e-14
1.42036e-13
1.31822e-13
1.94462e-14
-5.53945e-14
-5.62948e-14
-1.72053e-14
7.26458e-14
1.53483e-13
1.05615e-13
5.90858e-15
-9.47819e-14
-1.12393e-13
-8.29357e-14
-6.49598e-14
-4.15872e-14
-1.29185e-13
-1.87718e-13
-1.23533e-13
-1.22163e-14
1.70952e-14
8.14163e-14
6.16482e-14
2.2596e-14
-1.56362e-14
-4.23917e-14
-5.85976e-14
5.37444e-14
1.37628e-13
8.18758e-14
3.7759e-14
-1.51095e-14
-3.51546e-14
4.35059e-15
7.43269e-15
-8.80608e-15
-1.3852e-13
-2.18998e-13
-1.51622e-13
-7.08449e-14
-3.73838e-14
2.62497e-15
4.7065e-15
3.92379e-15
-5.28717e-15
-1.90454e-14
-3.11012e-14
3.38154e-14
8.26622e-14
7.98409e-14
9.28227e-14
6.38613e-14
7.35797e-14
1.01085e-13
7.08889e-14
-1.89981e-14
-1.36235e-13
-2.06159e-13
-1.81538e-13
-1.285e-13
3.95536e-14
2.83401e-14
4.29543e-15
-5.4877e-14
-6.96721e-14
-2.94044e-14
-3.5371e-15
3.05422e-14
3.25044e-14
2.294e-14
6.46214e-14
9.9676e-14
1.13071e-13
1.33238e-13
6.93433e-14
-6.09374e-16
-8.56078e-14
-1.309e-13
-1.50062e-13
-6.98752e-14
9.4636e-14
4.68567e-14
-4.3363e-14
-1.841e-13
-1.76709e-13
-5.62757e-14
-3.66404e-14
1.6162e-14
4.27209e-14
3.27279e-15
2.82642e-14
3.63492e-14
7.81618e-14
1.04452e-13
9.0403e-14
1.75126e-14
-8.3797e-15
-3.0084e-14
-4.94837e-14
1.80913e-14
1.11278e-13
5.6657e-14
-5.88486e-14
-1.53488e-13
-1.38724e-13
-7.8474e-14
-2.0073e-14
2.29647e-14
4.42838e-15
1.5891e-14
6.75178e-14
4.13152e-14
5.84062e-14
9.89493e-14
6.27743e-14
-5.56022e-15
-2.43306e-14
6.6319e-15
7.09699e-14
9.76112e-14
1.48118e-13
8.6678e-14
-3.72855e-14
-8.00683e-14
-8.81378e-14
-3.83577e-14
-1.84396e-15
4.44441e-14
-5.39955e-15
-5.52453e-15
4.49429e-14
2.19762e-14
1.24243e-14
4.78661e-14
5.39372e-14
-2.08782e-14
-7.00878e-14
1.38247e-14
9.39215e-14
1.30235e-13
1.03406e-13
6.6068e-14
2.69604e-15
-4.53198e-14
1.92216e-15
9.06094e-14
1.00989e-13
3.8995e-14
-2.02022e-14
-4.81233e-14
-5.80719e-14
-1.65135e-14
-4.92788e-14
-4.29415e-14
-2.7712e-14
-5.22799e-14
-5.80829e-14
-1.99735e-14
3.91254e-14
7.27109e-14
8.09423e-15
1.55947e-14
3.33976e-14
-6.37536e-15
5.10326e-14
1.38905e-13
1.02297e-13
2.10841e-14
-3.46105e-14
-1.13295e-13
-1.43151e-13
-1.05719e-13
-1.07166e-13
-7.26464e-14
-8.45659e-14
-7.35178e-14
-4.41045e-14
-6.35833e-14
-6.15188e-14
-6.89697e-15
-6.2735e-14
-3.99514e-14
-2.32171e-15
-6.68076e-15
5.45955e-14
1.30199e-13
5.41135e-14
-2.16232e-14
-6.11237e-14
-1.59038e-13
-1.97207e-13
-1.66493e-13
-1.19248e-13
-8.31474e-14
-6.24048e-14
-6.4406e-14
-2.90279e-14
-8.64454e-14
-1.00984e-13
-8.75806e-14
-1.26841e-13
-9.2974e-14
-3.71567e-14
-1.156e-14
4.20538e-14
8.0217e-14
5.03089e-14
-4.2814e-14
-8.56937e-14
-1.44172e-13
-1.92518e-13
-1.61253e-13
-9.57993e-14
-1.07448e-13
-7.54355e-14
-4.15122e-14
-2.19164e-14
-4.87425e-14
-6.98164e-14
-9.61328e-14
-1.63281e-13
-1.5235e-13
-7.48763e-14
-1.16761e-14
-1.41126e-14
2.14365e-14
3.33182e-15
3.14826e-15
-3.98254e-14
-8.93617e-14
-1.43818e-13
-1.26904e-13
-7.88421e-14
-7.4407e-14
-1.19942e-14
9.78192e-15
1.90977e-14
-2.7513e-14
-1.22191e-13
-1.38578e-13
-1.56391e-13
-1.60051e-13
-5.38776e-14
9.08767e-15
1.05882e-14
1.95281e-14
1.13955e-14
3.81516e-14
2.24312e-14
-5.00741e-14
-1.01321e-13
-1.23882e-13
-1.2941e-13
-2.58038e-14
5.55159e-14
4.5872e-14
4.14111e-14
-3.37476e-14
-1.61382e-13
-2.05869e-13
-8.03728e-14
-1.88713e-14
2.22154e-14
-2.54403e-14
-1.00798e-13
-8.79265e-14
-5.08476e-14
3.56378e-14
6.8902e-14
5.83129e-14
2.862e-14
-9.86473e-14
-2.25235e-13
-1.6654e-13
-1.11548e-13
-6.92649e-14
6.56779e-15
-1.11793e-14
-9.62007e-14
-1.29292e-13
-3.31611e-14
4.0911e-14
4.18612e-14
-5.33251e-14
-8.71072e-14
-1.00567e-13
-7.57795e-14
-7.78604e-15
6.74947e-14
1.11093e-13
8.87126e-14
-4.59653e-14
-2.07744e-13
-2.12012e-13
-1.72092e-13
-1.26784e-13
-8.94746e-14
-5.12543e-14
-8.28284e-14
-8.27283e-14
-1.95482e-14
2.7981e-14
-1.93189e-15
-3.56715e-14
-7.96451e-14
-1.05179e-13
-1.083e-13
-4.9902e-14
5.27591e-14
1.20622e-13
9.09441e-14
-5.2098e-14
-1.55395e-13
-1.83975e-13
-1.62198e-13
-1.53545e-13
-1.05822e-13
-6.38923e-14
-8.03916e-14
-6.31713e-14
-4.40845e-14
8.14261e-15
-1.21994e-14
-8.77512e-14
-1.40041e-13
-1.4856e-13
-1.09514e-13
-4.27585e-14
7.69404e-14
1.3466e-13
6.59209e-14
-4.02249e-14
-1.29615e-13
-1.29339e-13
-1.31758e-13
-1.3038e-13
-6.45102e-14
-3.69443e-14
-7.43727e-14
-6.6204e-14
-2.77954e-14
-2.99396e-15
-3.00466e-14
-1.25388e-13
-1.89511e-13
-1.78274e-13
-9.6735e-14
9.5145e-15
1.07776e-13
1.01309e-13
2.13414e-14
-5.74193e-14
-1.0886e-13
-1.17464e-13
-6.70547e-14
-5.88471e-14
-1.02167e-14
-1.08274e-14
-1.38483e-14
-4.87181e-15
3.98408e-14
1.48117e-14
-4.30053e-14
-1.38532e-13
-1.59803e-13
-1.31416e-13
-3.00074e-14
6.31105e-14
1.16144e-13
5.88777e-14
-3.55247e-14
-1.48695e-13
-1.92851e-13
-1.24166e-13
-3.83303e-14
8.13262e-15
7.79024e-15
3.92467e-15
-4.42264e-15
4.80285e-14
5.87481e-14
1.61556e-14
-4.2041e-14
-9.83466e-14
-1.16385e-13
-7.37923e-14
2.43895e-14
8.72389e-14
8.91563e-14
2.35507e-14
-9.10872e-14
-2.2336e-13
-2.26875e-13
-1.19194e-13
-1.20445e-14
4.9671e-14
1.76491e-14
-3.9796e-14
-1.43591e-14
5.17883e-14
5.9295e-14
5.29816e-14
1.81297e-14
-6.48006e-15
-4.58869e-14
-1.69941e-14
1.89814e-14
7.2679e-14
8.16965e-14
-1.15927e-15
-1.32534e-13
-1.90452e-13
-1.67253e-13
-1.09287e-13
-2.11817e-14
3.34806e-14
-1.83885e-14
-9.53001e-14
-4.24456e-14
3.02568e-14
4.44895e-14
3.79734e-14
2.31099e-14
2.56799e-14
4.39202e-14
4.38021e-14
5.9582e-14
1.01328e-13
8.66142e-14
1.98216e-14
-7.44454e-14
-9.2684e-14
-8.83946e-14
-5.11255e-14
-3.04253e-14
-4.6541e-14
-1.21764e-13
-1.49154e-13
-4.01338e-14
1.7545e-14
-3.80913e-15
-4.89108e-15
-2.15138e-14
2.42592e-14
6.63883e-14
9.48072e-14
1.37892e-13
1.49204e-13
8.39637e-14
-1.85755e-14
2.58322e-14
2.57877e-14
2.36657e-14
3.8316e-14
1.11834e-15
-6.73312e-14
-1.74233e-13
-1.91798e-13
-7.99192e-14
-3.32276e-14
5.47558e-14
3.61897e-14
-4.71554e-15
-1.05971e-14
1.98873e-14
7.61071e-14
1.13519e-13
1.59741e-13
1.01888e-13
6.97378e-15
7.40059e-14
1.16118e-13
1.11176e-13
1.2194e-13
1.3495e-14
-8.71312e-14
-1.46836e-13
-1.45991e-13
-6.4778e-14
1.55589e-14
1.42687e-13
6.26502e-14
1.09875e-15
-8.74367e-14
-9.32908e-14
4.318e-15
5.12685e-14
1.22812e-13
1.30388e-13
6.4985e-14
1.17733e-13
1.30811e-13
1.09273e-13
1.22181e-13
2.68149e-14
-9.08911e-14
-9.08155e-14
-5.33089e-14
-1.12237e-14
1.0757e-13
1.90965e-13
1.16906e-13
4.58823e-14
-6.00147e-14
-9.52706e-14
-2.63898e-14
2.9974e-14
9.82403e-14
8.0291e-14
3.83344e-14
8.46607e-14
1.17266e-13
8.62822e-14
7.67931e-14
2.62033e-14
-8.29543e-14
-6.29949e-14
-2.95527e-14
3.00217e-14
1.34866e-13
1.84985e-13
1.17349e-13
4.55794e-14
-2.27066e-15
4.95656e-15
4.12922e-14
5.46805e-14
6.04925e-14
-6.2377e-15
-3.8578e-14
1.02857e-14
7.94459e-14
6.68828e-14
4.87991e-14
5.80301e-15
-6.66526e-14
-1.09181e-13
-8.31487e-14
4.63866e-14
1.27979e-13
7.29867e-14
6.00699e-14
3.85255e-14
2.85685e-14
8.93879e-14
1.0547e-13
6.02206e-14
4.8621e-15
-9.63633e-14
-1.27991e-13
-3.26123e-14
5.59382e-14
5.80818e-14
2.89227e-14
8.19696e-15
-8.25461e-14
-1.18683e-13
-1.16362e-13
-2.3162e-14
7.49376e-14
-3.73638e-14
-1.39365e-14
1.15588e-14
4.77896e-14
8.03524e-14
1.08788e-13
4.87922e-14
-5.95278e-14
-1.22982e-13
-1.7262e-13
-1.14922e-13
-1.29186e-14
2.27299e-14
4.86596e-14
4.1815e-14
-2.27161e-14
-5.1168e-14
-1.25682e-13
-1.12693e-13
-5.10795e-14
-1.51046e-13
-1.04273e-13
-3.39602e-14
-1.02458e-14
4.59139e-14
8.63735e-14
-5.1032e-15
-1.28086e-13
-1.72331e-13
-2.22218e-13
-2.0853e-13
-1.13806e-13
-3.723e-14
4.38094e-14
1.01197e-13
8.82453e-14
4.54183e-14
-5.99043e-14
-1.44021e-13
-1.55478e-13
-2.02543e-13
-1.41623e-13
-6.5983e-14
-4.96707e-14
-1.2545e-14
4.06424e-14
-2.75725e-14
-1.46766e-13
-2.01173e-13
-2.44392e-13
-2.61369e-13
-1.45301e-13
-5.01913e-14
1.80761e-15
6.22424e-14
8.64256e-14
7.64249e-14
-9.07599e-15
-1.09546e-13
-1.61493e-13
-1.59642e-13
-1.64755e-13
-1.01614e-13
-4.47486e-14
-3.32263e-14
-9.993e-15
-2.27187e-14
-5.14781e-14
-9.57459e-14
-1.32411e-13
-1.61144e-13
-1.30644e-13
-9.99659e-14
-3.98749e-14
2.30594e-14
8.34402e-14
8.98685e-14
1.10421e-14
-9.69497e-14
-1.19026e-13
-1.20711e-13
-1.26542e-13
-5.2835e-14
-1.27318e-14
-5.30519e-14
-6.42149e-14
-3.2469e-14
9.49715e-15
2.53552e-14
-2.71728e-14
-7.76312e-14
-1.1778e-13
-1.44484e-13
-7.59725e-14
1.862e-14
5.28559e-14
1.1252e-13
2.79783e-14
-8.85538e-14
-9.66683e-14
9.43825e-15
6.23335e-14
9.35454e-14
2.36923e-15
-1.01213e-13
-1.31932e-13
-7.40472e-14
5.75287e-14
1.30379e-13
9.08582e-14
7.61466e-15
-1.28295e-13
-2.34148e-13
-2.43806e-13
-1.95748e-13
-6.24844e-14
8.31962e-15
-2.42517e-15
-4.34953e-14
-2.84168e-14
7.53227e-14
1.21123e-13
9.63328e-14
8.60778e-15
-6.72048e-14
-1.03217e-13
-7.48535e-14
4.31019e-14
1.73267e-13
1.80195e-13
1.03304e-13
-6.37506e-14
-2.39412e-13
-3.01939e-13
-2.83681e-13
-1.80591e-13
-9.62746e-14
-4.45608e-14
-2.15424e-14
8.322e-15
4.24777e-14
8.73742e-14
8.80615e-14
4.50888e-14
-7.69562e-14
-1.28164e-13
-1.16399e-13
2.60912e-15
1.38456e-13
1.91498e-13
1.26363e-13
-2.59753e-14
-1.80144e-13
-2.26965e-13
-2.1128e-13
-2.12566e-13
-1.3736e-13
-4.90048e-14
7.60164e-15
1.89937e-14
-4.643e-15
2.21621e-14
6.51818e-14
1.03911e-14
-1.07785e-13
-1.69788e-13
-1.11076e-13
-1.50665e-16
1.23307e-13
1.51512e-13
9.79061e-14
-3.3667e-15
-1.46074e-13
-1.72712e-13
-1.45139e-13
-1.48063e-13
-1.15548e-13
-4.1943e-14
-3.19653e-14
-1.73504e-14
-2.51798e-14
-1.53556e-14
1.62384e-14
-3.13602e-15
-6.83458e-14
-1.1312e-13
-8.0191e-14
-8.39064e-15
9.82155e-14
9.52819e-14
4.31543e-14
2.89532e-15
-7.33271e-14
-9.60881e-14
-5.35449e-14
-3.19055e-14
-5.15212e-15
-1.58176e-14
-3.83479e-14
-1.89128e-14
1.56844e-14
2.39398e-15
-9.04974e-15
-4.66891e-14
-7.34494e-14
-4.85318e-14
-3.75933e-14
2.441e-14
9.01527e-14
2.83787e-14
-3.49437e-14
-6.99074e-14
-7.71781e-14
-2.86445e-14
3.65097e-14
7.64832e-14
9.89744e-14
3.87083e-14
1.56415e-14
4.21325e-14
5.08143e-14
3.36604e-14
1.24713e-14
-4.94567e-14
-5.14327e-14
-6.58244e-15
2.82965e-14
5.61441e-14
4.76009e-14
-5.84366e-14
-1.6608e-13
-2.04088e-13
-1.27912e-13
1.40663e-15
8.41339e-14
1.62542e-13
1.47564e-13
1.00011e-13
8.28681e-14
1.02035e-13
1.28503e-13
7.13976e-14
4.6084e-14
1.34907e-14
5.99972e-15
8.59022e-14
7.68964e-14
5.11226e-14
1.05081e-14
-1.18867e-13
-2.29271e-13
-2.25836e-13
-1.12592e-13
-4.61745e-15
4.83765e-14
1.3578e-13
1.06472e-13
9.01033e-14
1.05692e-13
1.3381e-13
1.08627e-13
6.61848e-14
4.76017e-14
5.18931e-14
8.54793e-14
1.60054e-13
1.6125e-13
1.00446e-13
2.32377e-14
-8.29597e-14
-1.5328e-13
-1.44311e-13
-9.5919e-14
-2.23074e-14
6.61891e-15
2.96339e-14
-1.3239e-14
1.36735e-14
7.93631e-14
1.28827e-13
6.15119e-14
5.94384e-14
-7.18863e-15
4.49159e-14
1.11303e-13
2.06552e-13
2.3219e-13
1.93878e-13
5.29757e-14
-7.0768e-14
-5.8813e-14
-3.83412e-14
-3.55504e-14
-1.12374e-16
-1.12714e-14
-9.7044e-15
-9.11578e-14
-1.01005e-13
-2.53301e-14
4.35072e-14
8.61342e-14
6.84694e-14
1.53354e-14
2.50035e-14
9.15124e-14
2.065e-13
2.11517e-13
2.231e-13
1.24227e-13
3.05037e-14
4.33029e-14
6.34112e-14
6.78207e-14
4.15818e-14
-2.93335e-14
-1.11766e-13
-1.23546e-13
-1.05694e-13
2.00941e-15
6.90878e-14
1.06664e-13
8.27873e-14
4.24512e-14
1.68017e-14
3.14263e-14
1.33408e-13
1.86595e-13
2.05743e-13
2.07896e-13
1.245e-13
1.34755e-13
1.31531e-13
9.19704e-14
4.77235e-14
-1.09223e-13
-1.89382e-13
-1.40718e-13
-9.14168e-14
2.31316e-14
1.16514e-13
1.15148e-13
8.67187e-14
7.05277e-14
-8.06749e-15
-5.99029e-14
6.69413e-14
1.45729e-13
1.72457e-13
1.42664e-13
9.8743e-14
1.1866e-13
1.46304e-13
8.31982e-14
-3.22129e-15
-1.33539e-13
-1.96099e-13
-1.45672e-13
-9.15046e-14
2.82363e-15
1.38739e-13
1.16918e-13
8.83135e-14
8.79776e-14
1.61921e-14
1.54949e-16
6.23947e-14
8.02151e-14
5.20572e-14
1.00257e-15
-7.13821e-16
2.38336e-14
9.33986e-14
1.12368e-13
2.4139e-14
-7.20126e-14
-1.06562e-13
-9.12636e-14
-6.7496e-14
2.38541e-14
1.42419e-13
5.85501e-14
6.734e-14
7.45914e-14
3.54172e-14
5.65822e-14
7.19667e-14
2.42468e-15
-6.65176e-14
-1.47011e-13
-1.12118e-13
-3.91483e-14
7.61057e-14
1.46648e-13
8.2139e-14
-2.96825e-15
-3.66703e-14
-3.43521e-14
-3.97751e-14
1.9815e-14
8.18717e-14
1.28491e-14
3.35874e-14
4.75139e-14
5.68937e-14
5.81171e-14
3.73099e-14
-4.53691e-14
-1.26867e-13
-1.95908e-13
-1.77049e-13
-7.1068e-14
4.28687e-14
8.74652e-14
8.71476e-14
6.74494e-14
1.62184e-14
1.21614e-14
-5.14135e-14
-6.01923e-14
3.35539e-16
-1.04661e-13
-6.01403e-14
-1.55472e-14
1.30186e-14
3.52764e-14
2.37943e-15
-9.13885e-14
-1.78331e-13
-2.32035e-13
-2.13401e-13
-1.39097e-13
-4.85114e-14
2.06313e-14
9.85435e-14
1.49101e-13
1.20546e-13
8.61296e-14
-3.0992e-14
-1.24529e-13
-1.25297e-13
-2.41716e-13
-1.24414e-13
-6.86571e-14
-8.57132e-14
-8.56433e-14
-7.70859e-14
-1.1014e-13
-1.82028e-13
-2.01703e-13
-2.08486e-13
-1.88286e-13
-1.02933e-13
-2.06282e-14
8.1192e-14
1.64611e-13
1.59425e-13
9.94811e-14
-1.62971e-14
-1.36887e-13
-2.25428e-13
-1.96264e-13
-1.20559e-13
-5.5847e-14
-6.8859e-14
-8.38287e-14
-8.52796e-14
-8.78907e-14
-6.47985e-14
-8.24267e-14
-1.20578e-13
-1.53995e-13
-1.16691e-13
-7.46215e-14
1.54581e-14
1.11625e-13
1.51804e-13
9.68034e-14
-1.31862e-14
-1.22735e-13
-1.90482e-13
-9.90278e-14
-6.01364e-14
1.13085e-14
-1.5813e-15
-5.55534e-14
-1.00749e-13
-9.72391e-14
-1.53555e-14
3.3674e-14
4.61967e-16
-5.78556e-14
-1.28848e-13
-1.57519e-13
-8.30235e-14
1.32521e-14
8.98815e-14
1.15158e-13
1.62869e-14
-6.26209e-14
-7.83768e-14
3.16693e-14
4.83694e-14
6.55208e-14
3.32815e-14
-4.72821e-14
-4.1134e-14
-4.74212e-14
5.48764e-14
1.20562e-13
7.56916e-14
3.33995e-14
-1.14236e-13
-1.94436e-13
-1.94256e-13
-1.59693e-13
-2.69747e-14
3.90813e-14
3.80976e-14
5.95488e-14
6.64705e-14
7.36812e-14
1.13812e-13
1.03187e-13
4.89046e-14
-4.29392e-14
-4.21801e-14
-5.09784e-14
1.24024e-14
1.28108e-13
1.25217e-13
7.65477e-14
-5.96097e-14
-1.91283e-13
-2.83087e-13
-2.51155e-13
-1.00245e-13
-4.78545e-14
-2.06058e-14
1.76415e-14
6.00573e-14
9.47822e-14
1.56402e-13
1.64469e-13
5.66e-14
-5.97068e-14
-8.8443e-14
-9.42576e-14
-3.34444e-14
5.96996e-14
1.00607e-13
7.69498e-14
-1.5599e-14
-1.53142e-13
-2.2231e-13
-1.7753e-13
-1.43643e-13
-1.27236e-13
-2.68282e-14
2.49589e-14
7.89756e-14
1.1303e-13
1.31024e-13
8.97043e-14
1.92973e-14
-9.27424e-14
-1.14425e-13
-9.1722e-14
-1.27466e-14
3.618e-14
5.53131e-14
3.95014e-14
-1.81972e-14
-1.31367e-13
-1.4193e-13
-7.05229e-14
-8.7035e-14
-6.8903e-14
-4.24804e-14
-1.75451e-14
4.61252e-14
5.47118e-14
6.69565e-14
2.21853e-14
-7.82718e-15
-4.47732e-14
-7.48829e-14
-6.84621e-14
4.0129e-15
4.28951e-14
6.9777e-15
9.99469e-15
-1.26364e-14
-5.7675e-14
-1.81726e-14
5.50202e-14
7.94007e-14
6.40743e-14
-1.55272e-14
-4.67169e-14
6.15053e-15
4.059e-14
7.92815e-14
7.08919e-14
2.55169e-14
-4.2303e-14
-1.97988e-14
-1.57659e-14
1.48486e-14
1.00379e-14
-2.84918e-14
-7.88063e-14
-9.9592e-14
-5.03432e-14
4.74827e-14
1.33815e-13
2.0493e-13
1.75739e-13
7.7968e-14
4.75938e-14
1.96835e-14
1.13201e-13
1.22682e-13
1.03573e-13
2.60058e-14
-3.69363e-15
3.86303e-14
6.78259e-15
4.12296e-15
-3.03172e-14
-1.32922e-13
-2.30087e-13
-2.00328e-13
-5.30605e-14
1.06791e-13
2.02341e-13
2.42074e-13
2.08073e-13
1.88222e-13
1.72033e-13
1.31672e-13
1.67213e-13
1.58356e-13
9.95384e-14
1.91577e-14
6.16977e-14
1.25976e-13
5.05122e-14
-1.17667e-14
-7.72517e-14
-2.10693e-13
-2.93786e-13
-2.36388e-13
-6.93741e-14
9.69735e-14
1.98446e-13
2.08273e-13
2.14226e-13
2.16259e-13
1.97606e-13
1.8342e-13
1.47261e-13
1.19812e-13
8.64743e-14
7.88212e-14
1.35559e-13
1.8247e-13
1.21208e-13
2.22612e-14
-4.72315e-14
-1.37503e-13
-1.89105e-13
-1.70647e-13
-9.10704e-14
1.28303e-14
1.47876e-13
1.49931e-13
1.40113e-13
1.25658e-13
1.37441e-13
1.5948e-13
6.75686e-14
3.70817e-14
1.54481e-14
5.54618e-14
1.51029e-13
2.07644e-13
2.00008e-13
1.50054e-13
4.14134e-14
-5.90272e-14
-8.97125e-14
-9.78505e-14
-7.69046e-14
-6.50396e-15
4.90738e-14
8.53654e-14
5.3447e-14
5.29271e-15
3.92024e-14
5.45438e-14
5.96497e-14
3.20969e-14
-2.68402e-14
-9.19341e-15
1.06541e-13
2.25687e-13
2.57208e-13
2.36782e-13
1.81483e-13
7.07288e-14
1.55579e-14
-2.19331e-14
-3.59915e-14
-2.93308e-14
-4.66353e-14
-3.63306e-14
-4.82095e-14
-4.69974e-14
3.58189e-14
4.60397e-14
5.89592e-14
4.43117e-14
7.91306e-16
-2.51919e-14
2.97453e-14
1.70297e-13
2.74321e-13
2.742e-13
2.39104e-13
1.82124e-13
1.2935e-13
4.58295e-14
-1.61611e-14
-6.13891e-14
-1.63943e-13
-2.10949e-13
-1.62347e-13
-6.89371e-14
2.38164e-14
7.15714e-14
6.29754e-14
4.12487e-14
-8.77433e-15
-6.21151e-14
-6.8451e-14
6.65975e-14
1.88155e-13
2.26967e-13
1.95672e-13
1.90925e-13
1.51042e-13
7.65606e-14
-2.59865e-14
-1.05417e-13
-2.07055e-13
-2.73385e-13
-2.20939e-13
-1.24421e-13
1.91366e-14
9.92877e-14
1.15193e-13
9.0829e-14
4.87346e-14
-5.01912e-14
-5.17165e-14
-1.21212e-14
8.73263e-14
8.38742e-14
4.32372e-14
5.96025e-14
5.92355e-14
4.63839e-14
2.56152e-14
-4.33617e-14
-1.34063e-13
-1.69106e-13
-1.28628e-13
-7.56734e-14
1.65754e-14
1.05704e-13
7.45134e-14
1.4034e-13
1.11895e-13
-6.54986e-15
-2.85165e-14
-2.35221e-14
-1.63872e-14
-6.45306e-14
-1.33758e-13
-7.18139e-14
-2.12605e-14
4.16924e-14
1.01321e-13
6.63549e-14
1.12265e-14
-8.92461e-15
-3.10017e-14
-3.53122e-14
-3.50376e-15
3.56909e-14
5.28389e-14
1.312e-13
1.15038e-13
3.98726e-14
-7.42438e-15
-4.01204e-14
-9.90672e-14
-1.75006e-13
-2.07164e-13
-1.53859e-13
-3.74521e-14
4.99835e-14
1.28124e-13
1.26397e-13
1.17777e-13
8.00464e-14
2.13063e-14
-1.48658e-14
-7.69409e-14
-3.11983e-14
3.13729e-15
5.5579e-14
6.25357e-14
2.11832e-14
-4.9937e-14
-7.90165e-14
-1.64806e-13
-2.23064e-13
-2.3535e-13
-1.54613e-13
-6.53723e-14
8.02325e-15
6.77269e-14
1.23943e-13
1.53337e-13
1.15138e-13
8.95859e-14
9.6214e-15
-9.72424e-14
-9.41778e-14
-1.17501e-13
-3.71934e-14
-2.33913e-14
-5.87884e-14
-1.24257e-13
-1.60995e-13
-1.535e-13
-1.49364e-13
-1.23147e-13
-9.61059e-14
-5.45935e-14
-3.40104e-14
1.53863e-14
1.01428e-13
1.61172e-13
1.40966e-13
1.29451e-13
5.72275e-14
-7.55308e-14
-1.49141e-13
-1.07097e-13
-4.26564e-14
-4.55504e-14
-6.57718e-14
-1.02982e-13
-1.12535e-13
-9.9414e-14
-7.28836e-14
-7.9357e-15
-1.08047e-14
-2.66804e-14
-6.99012e-14
-6.60276e-14
-8.28809e-16
9.10825e-14
1.1194e-13
1.35452e-13
6.42363e-14
-3.0222e-14
-1.08628e-13
-3.76076e-14
-9.54056e-15
2.48082e-14
1.28623e-14
-2.42011e-14
-6.413e-14
-8.19345e-14
-2.05635e-14
4.28296e-14
2.63699e-14
-1.6303e-14
-9.43257e-14
-1.23893e-13
-5.92645e-14
-1.46945e-14
8.02688e-14
1.11941e-13
6.93069e-14
5.37872e-14
-1.11126e-14
3.36409e-14
-2.16975e-14
-1.14994e-14
-2.76936e-14
-8.04593e-14
-3.97987e-15
2.67796e-14
1.12922e-16
1.02561e-14
1.32916e-14
8.31224e-15
-4.16677e-14
-1.07963e-13
-7.56577e-14
-5.05693e-14
-2.94614e-14
-1.85115e-14
1.58676e-14
8.58691e-14
8.73741e-14
6.65849e-14
5.22202e-14
5.40795e-14
-3.29106e-14
-8.43269e-14
-2.32336e-16
-2.30933e-14
-2.45629e-14
3.27558e-15
-8.29514e-15
3.00532e-15
-3.22178e-14
-1.40194e-13
-1.88665e-13
-1.49594e-13
-6.42694e-14
-2.62941e-14
-4.17844e-14
2.34283e-14
7.02913e-14
9.7402e-14
1.46417e-13
1.07944e-13
-1.01091e-14
-5.6899e-14
-3.76309e-14
-6.05196e-14
-7.26546e-14
-3.97866e-14
-3.31509e-14
-1.43097e-14
-1.54741e-14
-8.39308e-14
-1.31004e-13
-1.17079e-13
-6.90166e-14
-3.53487e-14
-2.5478e-14
-2.14003e-14
4.33401e-14
1.09753e-13
1.03365e-13
3.25004e-14
-1.6786e-14
-4.49999e-15
-7.15069e-17
-6.76008e-14
-7.61362e-14
-7.22103e-14
-6.29162e-14
-1.67722e-14
-1.12423e-14
-1.36051e-14
7.88632e-15
1.63765e-14
-2.33648e-15
5.57786e-15
1.53927e-14
1.6032e-14
8.05398e-14
8.97992e-14
7.72007e-14
2.90106e-14
3.56555e-14
2.16379e-14
-2.88724e-14
-5.07996e-14
-5.18429e-14
-8.347e-14
-8.84691e-14
-3.89208e-14
-3.47844e-15
4.40345e-14
1.09796e-13
1.42287e-13
1.62309e-13
1.33583e-13
6.67426e-14
1.35388e-14
5.43073e-14
8.71296e-14
1.33381e-13
1.20831e-13
8.9078e-14
1.77684e-14
-2.4848e-14
-2.36754e-14
-4.52778e-14
-8.8666e-14
-1.03556e-13
-1.07365e-13
-8.03779e-14
-9.76095e-15
1.30633e-13
1.94871e-13
2.30946e-13
1.81754e-13
9.50925e-14
7.25736e-14
5.77068e-14
9.66005e-14
1.22942e-13
1.36777e-13
9.66179e-14
4.59788e-14
2.11554e-14
-3.72677e-14
-7.74102e-14
-1.34714e-13
-1.63855e-13
-1.97279e-13
-1.47958e-13
-3.16086e-14
1.35066e-13
2.13755e-13
2.31787e-13
1.75976e-13
1.52731e-13
1.41841e-13
1.09507e-13
7.56317e-14
1.36752e-13
1.35937e-13
6.82418e-14
6.89805e-14
7.10721e-14
-1.06176e-14
-7.35101e-14
-1.38013e-13
-1.94967e-13
-2.15204e-13
-1.2335e-13
-2.79582e-14
1.09899e-13
1.76551e-13
1.75854e-13
1.8549e-13
1.46173e-13
9.59139e-14
9.9822e-14
7.49377e-14
1.03329e-13
1.33075e-13
6.80024e-14
7.70109e-14
8.28632e-14
3.04045e-14
-1.21484e-14
-6.05774e-14
-1.27529e-13
-1.4887e-13
-1.36252e-13
-7.11435e-14
5.32891e-14
1.26377e-13
1.35365e-13
1.67989e-13
1.39072e-13
8.03645e-14
7.47057e-14
3.11231e-14
-2.26687e-14
-3.97371e-14
-1.43127e-14
3.7915e-14
7.36676e-14
1.19867e-13
1.64293e-13
7.93368e-14
-3.10141e-15
-6.87229e-14
-9.92802e-14
-7.23997e-14
-4.06766e-15
3.75287e-14
6.91213e-14
1.31469e-13
9.00984e-14
4.06562e-14
4.21593e-14
-1.93329e-14
-9.83756e-14
-1.59095e-13
-9.96216e-14
-2.97887e-14
8.71698e-14
2.05732e-13
2.91668e-13
2.37954e-13
1.3261e-13
1.06607e-14
-7.86118e-14
-1.0484e-13
-8.14758e-14
-5.98454e-14
-1.35683e-14
5.04071e-14
3.11066e-14
1.2854e-14
8.04142e-15
-1.13433e-14
-5.58741e-14
-1.37412e-13
-1.36879e-13
-8.09604e-14
5.49709e-14
2.38136e-13
3.22531e-13
2.73853e-13
1.99813e-13
8.45291e-14
-2.42392e-14
-1.23196e-13
-1.48256e-13
-1.6235e-13
-1.06867e-13
-6.7902e-14
-6.58821e-15
3.04501e-14
2.35793e-14
4.27761e-14
-5.85036e-15
-6.43825e-14
-1.1932e-13
-8.9771e-14
-1.79908e-14
1.36672e-13
2.44618e-13
2.37674e-13
2.07128e-13
1.41534e-13
9.87258e-15
-1.39799e-13
-2.04239e-13
-1.89111e-13
-1.5665e-13
-9.82413e-14
-4.89329e-14
2.64094e-15
4.42118e-14
1.00123e-13
8.37174e-14
8.3436e-15
-6.30255e-14
-4.23579e-14
-4.76969e-14
3.61184e-14
1.12071e-13
1.18706e-13
1.15171e-13
8.68875e-14
1.22212e-15
-9.76332e-14
-1.497e-13
-1.38829e-13
-1.12199e-13
-7.02731e-14
-2.25094e-14
-2.61627e-14
2.8945e-14
6.99267e-14
1.64221e-13
1.09094e-13
6.68894e-15
-6.91384e-14
-8.98684e-14
-9.16971e-14
-7.62119e-14
-7.28566e-14
-1.73747e-14
1.37737e-15
2.86743e-14
2.0959e-14
-5.19425e-15
6.46113e-15
-1.09882e-14
-2.00184e-14
-4.08921e-14
-8.6048e-14
-6.31624e-14
4.61817e-14
1.56086e-13
1.53523e-13
5.14679e-14
-2.77514e-14
-1.26553e-13
-1.99169e-13
-2.05236e-13
-1.68535e-13
-1.06937e-13
-3.39648e-14
3.53117e-14
8.52215e-14
7.34294e-14
1.0058e-13
6.34322e-14
-1.74436e-14
-3.55811e-14
-1.07893e-13
-8.34987e-14
5.6674e-14
1.07024e-13
1.12485e-13
6.50137e-14
-3.40826e-14
-1.52536e-13
-2.43589e-13
-2.07729e-13
-1.77167e-13
-1.23859e-13
-4.51865e-14
-1.01499e-14
4.8712e-14
9.91168e-14
1.39e-13
8.48984e-14
7.96017e-14
4.08485e-14
-1.0068e-13
-7.79856e-14
2.51684e-15
2.70333e-14
4.04967e-14
2.89557e-14
-7.07046e-14
-1.5299e-13
-1.88109e-13
-1.41224e-13
-9.73687e-14
-7.93444e-14
-2.63713e-14
-3.74697e-14
6.84941e-15
9.11527e-14
1.02794e-13
1.14849e-13
1.50019e-13
1.06471e-13
-1.86743e-14
-6.43622e-14
-5.12052e-15
8.41136e-15
-5.94532e-14
-5.41522e-14
-7.09189e-14
-7.02633e-14
-9.24464e-14
-9.34361e-14
-5.08867e-14
-3.28453e-14
-1.30336e-14
-5.37355e-14
-1.10326e-14
4.16918e-14
3.77568e-14
7.985e-14
1.39971e-13
1.31662e-13
5.80871e-14
-1.9083e-14
1.20107e-14
-2.57851e-14
-6.58164e-14
-9.28257e-14
-7.67257e-14
-2.17583e-14
-1.43456e-14
-6.22108e-14
-2.61378e-14
-9.64891e-15
-1.26627e-14
-4.40406e-14
-3.61703e-14
1.80509e-14
6.01299e-15
3.7328e-14
5.61663e-14
1.0384e-13
1.04169e-13
2.46904e-14
-6.62267e-15
-9.70291e-14
-9.70084e-14
-1.09589e-13
-1.11629e-13
-1.24852e-14
4.46121e-14
-6.08008e-15
-7.23535e-14
-1.03462e-13
-2.10883e-14
7.82125e-15
-1.43801e-14
-1.85593e-14
1.52201e-14
3.99283e-14
2.36089e-14
3.45385e-14
3.91688e-14
5.95184e-14
3.96051e-14
-3.08676e-14
-4.54111e-14
-6.9542e-14
-8.4333e-14
-3.36238e-14
-2.93211e-14
-3.43501e-14
-1.15564e-13
-1.55739e-13
-8.52392e-14
-1.64123e-14
-2.86051e-14
-4.81647e-14
-1.10536e-14
2.92386e-14
1.75981e-14
-2.17889e-14
-2.95292e-14
6.17343e-14
6.37318e-14
6.92555e-14
4.93955e-15
-6.22451e-14
-5.8587e-14
-3.65482e-14
-5.79023e-14
-6.22849e-14
-1.39816e-13
-1.54281e-13
-1.26854e-13
-7.98214e-14
6.34064e-15
1.16133e-14
-4.79724e-16
2.69995e-14
5.19409e-14
-2.07364e-14
-4.39244e-14
2.59624e-14
1.14867e-13
7.64086e-14
9.2568e-15
-3.95676e-14
7.22874e-15
-1.73695e-15
-8.38107e-14
-9.30223e-14
-1.55906e-13
-1.29173e-13
-7.35113e-14
-4.2249e-14
1.91369e-14
1.12165e-13
6.94389e-14
5.93737e-14
1.02135e-13
4.51829e-14
4.69449e-15
8.79421e-14
1.25902e-13
7.75314e-14
-3.87724e-15
2.99599e-14
6.24076e-14
3.29291e-14
-6.88051e-14
-1.2009e-13
-1.52339e-13
-1.168e-13
-6.28165e-14
3.74722e-15
6.33114e-14
1.43642e-13
1.51735e-13
1.32899e-13
1.67475e-13
1.17737e-13
4.91231e-14
8.02042e-14
1.23797e-13
9.93479e-14
5.5025e-14
5.77216e-14
5.76177e-14
2.54841e-14
-4.4108e-14
-1.32546e-13
-1.65917e-13
-1.29719e-13
-1.00887e-13
-4.41982e-14
4.42832e-14
1.009e-13
1.50563e-13
1.76368e-13
1.70147e-13
1.04826e-13
5.37173e-14
5.78427e-14
9.69988e-14
6.42698e-14
4.05116e-14
5.46879e-14
5.02351e-14
-3.16318e-15
-6.68597e-14
-1.3102e-13
-1.59486e-13
-1.30793e-13
-1.31161e-13
-6.90286e-14
1.9253e-14
7.11493e-14
1.29162e-13
1.46946e-13
9.30046e-14
1.90516e-14
2.93689e-15
3.8553e-14
4.82793e-15
4.31253e-14
9.0355e-14
6.13672e-14
8.13026e-15
-4.57606e-14
-7.35273e-14
-9.67675e-14
-1.51846e-13
-1.53959e-13
-1.36984e-13
-3.69808e-14
1.202e-14
7.0724e-14
8.07417e-14
8.65322e-14
6.65026e-14
-2.24563e-14
-5.9102e-14
-2.48486e-14
-1.27188e-14
3.48143e-14
4.7073e-14
-1.74106e-14
-5.75132e-14
-7.59056e-14
-5.86863e-14
-5.4978e-14
-9.32322e-14
-1.20415e-13
-1.11689e-13
-7.61659e-14
-5.44894e-14
2.0914e-14
8.40289e-14
6.7102e-14
7.69764e-14
2.76783e-14
-4.9087e-14
-3.214e-14
-3.44737e-14
-7.48094e-14
-1.33674e-13
-1.38341e-13
-1.26467e-13
-1.31438e-13
-2.93652e-14
5.64875e-14
6.50574e-14
6.3262e-15
-8.01832e-14
-1.08842e-13
-1.00614e-13
-1.87371e-14
2.97045e-14
5.90889e-14
1.08461e-13
7.12263e-14
-1.92003e-14
-2.43771e-14
-6.45996e-14
-1.6067e-13
-2.21451e-13
-2.15505e-13
-1.94015e-13
-1.30423e-13
7.36478e-14
2.28263e-13
2.05214e-13
1.21627e-13
-1.44849e-15
-1.03886e-13
-1.35798e-13
-7.0393e-14
-1.56004e-14
4.73948e-14
1.25566e-13
9.41044e-14
1.58992e-14
-2.6056e-14
-9.45661e-14
-1.1971e-13
-2.22934e-13
-2.73124e-13
-2.06508e-13
-8.51176e-14
1.14165e-13
2.52474e-13
2.74838e-13
1.95113e-13
6.89931e-14
-5.28684e-14
-1.58892e-13
-1.40411e-13
-3.5332e-14
6.91788e-14
1.03921e-13
6.07711e-14
4.69151e-14
-2.17511e-14
-3.21353e-14
-4.88179e-14
-1.25598e-13
-1.99183e-13
-1.50974e-13
-5.65477e-14
7.01192e-14
2.20647e-13
2.86048e-13
2.34077e-13
1.10278e-13
-3.77499e-15
-1.36777e-13
-1.68837e-13
-9.64977e-14
2.65646e-14
1.134e-13
2.77965e-14
-4.86889e-15
-3.09211e-15
3.01155e-14
6.71186e-14
8.40672e-15
-1.08862e-13
-9.4317e-14
-5.19632e-14
1.00785e-14
1.39956e-13
1.72057e-13
1.49894e-13
6.50506e-14
-2.44808e-14
-1.13304e-13
-1.64922e-13
-1.17966e-13
-7.46479e-15
7.77494e-14
3.52088e-14
-4.70268e-14
-1.72806e-14
4.15224e-14
1.33331e-13
1.13379e-13
1.05149e-15
-6.51874e-14
-1.05252e-13
-1.04302e-13
-2.57953e-14
-1.28405e-14
2.07536e-14
3.86137e-14
-7.04867e-15
-5.05748e-14
-9.1657e-14
-3.44339e-14
6.21026e-15
1.37928e-14
1.42238e-15
-6.99098e-14
-4.9187e-14
7.33975e-14
1.55507e-13
1.77076e-13
7.16378e-14
-3.83773e-14
-1.71095e-13
-2.34688e-13
-1.60351e-13
-7.73014e-14
-3.06063e-14
-3.12507e-16
1.63425e-15
-2.06195e-14
-1.79998e-14
3.51006e-14
7.71122e-14
3.85843e-14
-7.76715e-15
-6.70418e-14
-4.16409e-14
8.56599e-14
1.44737e-13
1.56585e-13
1.06426e-13
-5.23983e-14
-1.84419e-13
-2.34718e-13
-1.24867e-13
-3.56502e-14
-3.85796e-14
5.91572e-15
2.39489e-14
8.33723e-15
-8.00211e-15
5.03025e-14
1.04831e-13
9.81001e-14
3.43652e-14
-3.37146e-14
1.24111e-14
4.81931e-14
6.68376e-14
9.67964e-14
7.82245e-14
-6.01074e-15
-1.35544e-13
-1.56743e-13
-7.26138e-14
-1.62801e-14
-3.29063e-14
1.03581e-14
3.03908e-14
-5.40742e-15
4.11232e-14
6.43988e-14
1.26434e-13
1.4111e-13
9.92265e-14
3.66223e-14
1.16838e-14
4.49772e-15
-2.26419e-14
-3.92002e-14
-3.42987e-14
-2.79058e-14
-1.87537e-14
-6.97982e-14
-5.9782e-14
-5.12717e-14
-2.71082e-14
-5.63307e-15
2.95927e-15
2.1003e-14
7.61343e-14
4.6584e-14
1.02967e-13
1.54961e-13
1.62021e-13
1.08777e-13
2.95922e-14
-1.13191e-14
-7.86183e-14
-1.07245e-13
-1.14712e-13
-8.79937e-14
3.62523e-14
2.95815e-14
-1.68964e-14
-3.4552e-14
-5.54649e-14
-1.14575e-14
1.46736e-14
3.31502e-14
5.78834e-14
4.99099e-14
7.11675e-14
9.87268e-14
1.31223e-13
1.27262e-13
3.28957e-14
