0 0 0.181881 0.815143 5.823e-52
0 0.2 0.181864 0.81505 5.82294e-52
0 0.4 0.181886 0.815149 5.82298e-52
0 0.6 0.181915 0.815274 5.82295e-52
0 0.8 0.181969 0.81552 5.82293e-52
0 1 0.182049 0.815891 5.82296e-52
0 1.2 0.182138 0.816286 5.82298e-52
0 1.4 0.182225 0.816684 5.823e-52
0 1.6 0.182306 0.817045 5.82303e-52
0 1.8 0.182352 0.817244 5.82301e-52
0 2 0.182389 0.817403 5.82302e-52
0 2.2 0.182412 0.817517 5.82303e-52
0 2.4 0.182413 0.817519 5.82303e-52
0 2.6 0.182373 0.817353 5.82302e-52
0 2.8 0.182325 0.817138 5.82305e-52
0 3 0.182252 0.816813 5.82308e-52
0 3.2 0.182128 0.816256 5.82298e-52
0 3.4 0.182021 0.815781 5.82296e-52
0 3.6 0.181947 0.815444 5.82297e-52
0 3.8 0.181904 0.815257 5.823e-52
0.2 0 0.181843 0.81497 5.82294e-52
0.2 0.2 0.181906 0.815246 5.82298e-52
0.2 0.4 0.181997 0.815653 5.82301e-52
0.2 0.6 0.182093 0.816081 5.82301e-52
0.2 0.8 0.182186 0.816491 5.82302e-52
0.2 1 0.182276 0.816895 5.82304e-52
0.2 1.2 0.182345 0.817219 5.82303e-52
0.2 1.4 0.18241 0.817507 5.82306e-52
0.2 1.6 0.182448 0.817681 5.82307e-52
0.2 1.8 0.182452 0.817695 5.8231e-52
0.2 2 0.182406 0.817487 5.823e-52
0.2 2.2 0.182381 0.817371 5.82306e-52
0.2 2.4 0.18231 0.817056 5.82306e-52
0.2 2.6 0.182216 0.816644 5.82301e-52
0.2 2.8 0.182132 0.816275 5.82305e-52
0.2 3 0.18203 0.815817 5.82302e-52
0.2 3.2 0.181905 0.815266 5.82295e-52
0.2 3.4 0.181833 0.814944 5.82298e-52
0.2 3.6 0.181797 0.81478 5.82295e-52
0.2 3.8 0.18181 0.81483 5.82297e-52
0.4 0 0.181863 0.815046 5.823e-52
0.4 0.2 0.181992 0.81563 5.82302e-52
0.4 0.4 0.18214 0.816291 5.82305e-52
0.4 0.6 0.182278 0.816902 5.82305e-52
0.4 0.8 0.182382 0.817366 5.82299e-52
0.4 1 0.182481 0.817811 5.82304e-52
0.4 1.2 0.182543 0.8181 5.82303e-52
0.4 1.4 0.18258 0.818269 5.82309e-52
0.4 1.6 0.182553 0.818137 5.82305e-52
0.4 1.8 0.182482 0.817817 5.823e-52
0.4 2 0.182421 0.817553 5.82308e-52
0.4 2.2 0.182334 0.817169 5.8231e-52
0.4 2.4 0.182181 0.816476 5.82301e-52
0.4 2.6 0.182033 0.81582 5.82297e-52
0.4 2.8 0.181912 0.815286 5.82295e-52
0.4 3 0.181821 0.814875 5.82299e-52
0.4 3.2 0.181737 0.81451 5.82295e-52
0.4 3.4 0.181696 0.814327 5.82295e-52
0.4 3.6 0.181706 0.814372 5.82293e-52
0.4 3.8 0.18177 0.814649 5.823e-52
0.6 0 0.181894 0.815183 5.82298e-52
0.6 0.2 0.18208 0.816015 5.82302e-52
0.6 0.4 0.182261 0.816827 5.82302e-52
0.6 0.6 0.182454 0.817691 5.82308e-52
0.6 0.8 0.182593 0.818318 5.82309e-52
0.6 1 0.182685 0.818725 5.82309e-52
0.6 1.2 0.182733 0.818948 5.82313e-52
0.6 1.4 0.182721 0.818892 5.82309e-52
0.6 1.6 0.182652 0.818579 5.82311e-52
0.6 1.8 0.182532 0.818038 5.82309e-52
0.6 2 0.182392 0.817417 5.82301e-52
0.6 2.2 0.182242 0.816759 5.82305e-52
0.6 2.4 0.18205 0.815902 5.82301e-52
0.6 2.6 0.181869 0.815087 5.82293e-52
0.6 2.8 0.181753 0.814566 5.82299e-52
0.6 3 0.181646 0.814086 5.82291e-52
0.6 3.2 0.181606 0.813907 5.82297e-52
0.6 3.4 0.181596 0.813872 5.8229e-52
0.6 3.6 0.181677 0.814232 5.82305e-52
0.6 3.8 0.181742 0.814512 5.82291e-52
0.8 0 0.181966 0.815508 5.82298e-52
0.8 0.2 0.182158 0.816377 5.82296e-52
0.8 0.4 0.182378 0.817356 5.82302e-52
0.8 0.6 0.182591 0.818305 5.82309e-52
0.8 0.8 0.182735 0.818956 5.82307e-52
0.8 1 0.18283 0.819381 5.82311e-52
0.8 1.2 0.182854 0.819485 5.82311e-52
0.8 1.4 0.182812 0.819307 5.82313e-52
0.8 1.6 0.1827 0.818801 5.82309e-52
0.8 1.8 0.182535 0.818063 5.82306e-52
0.8 2 0.182361 0.817289 5.82308e-52
0.8 2.2 0.182149 0.816346 5.82301e-52
0.8 2.4 0.181943 0.815417 5.82298e-52
0.8 2.6 0.18175 0.814551 5.82292e-52
0.8 2.8 0.181631 0.814017 5.82297e-52
0.8 3 0.181542 0.813615 5.82296e-52
0.8 3.2 0.18149 0.813377 5.82286e-52
0.8 3.4 0.181553 0.813662 5.82298e-52
0.8 3.6 0.181653 0.81411 5.82296e-52
0.8 3.8 0.181787 0.814705 5.82295e-52
1 0 0.182062 0.815924 5.823e-52
1 0.2 0.18227 0.816871 5.82302e-52
1 0.4 0.18249 0.817857 5.82305e-52
1 0.6 0.182677 0.818692 5.82308e-52
1 0.8 0.18282 0.819331 5.8231e-52
1 1 0.182902 0.819693 5.82313e-52
1 1.2 0.182905 0.819723 5.82314e-52
1 1.4 0.182828 0.819377 5.82313e-52
1 1.6 0.182688 0.818747 5.82311e-52
1 1.8 0.182491 0.81786 5.82307e-52
1 2 0.182268 0.816878 5.82299e-52
1 2.2 0.182057 0.815933 5.823e-52
1 2.4 0.181851 0.815007 5.82296e-52
1 2.6 0.181662 0.814154 5.82293e-52
1 2.8 0.181544 0.813629 5.82294e-52
1 3 0.181483 0.813348 5.82296e-52
1 3.2 0.181464 0.813261 5.82289e-52
1 3.4 0.181538 0.813598 5.82287e-52
1 3.6 0.181686 0.814257 5.82293e-52
1 3.8 0.181881 0.815114 5.82305e-52
1.2 0 0.182165 0.816383 5.82304e-52
1.2 0.2 0.182376 0.817333 5.82307e-52
1.2 0.4 0.182557 0.818149 5.82304e-52
1.2 0.6 0.182711 0.818842 5.82307e-52
1.2 0.8 0.182823 0.819348 5.82309e-52
1.2 1 0.182879 0.819598 5.8231e-52
1.2 1.2 0.182862 0.81953 5.82314e-52
1.2 1.4 0.182746 0.819008 5.82308e-52
1.2 1.6 0.182594 0.818315 5.82305e-52
1.2 1.8 0.182399 0.817445 5.82304e-52
1.2 2 0.182177 0.816468 5.82301e-52
1.2 2.2 0.181963 0.815512 5.82296e-52
1.2 2.4 0.181796 0.814757 5.82303e-52
1.2 2.6 0.181623 0.813981 5.82293e-52
1.2 2.8 0.181527 0.813542 5.82295e-52
1.2 3 0.181471 0.813292 5.82287e-52
1.2 3.2 0.181514 0.813483 5.82297e-52
1.2 3.4 0.181614 0.813941 5.82295e-52
1.2 3.6 0.181779 0.814671 5.82301e-52
1.2 3.8 0.181959 0.815467 5.82298e-52
1.4 0 0.18225 0.816764 5.82303e-52
1.4 0.2 0.182443 0.817628 5.82306e-52
1.4 0.4 0.182608 0.818376 5.82313e-52
1.4 0.6 0.182711 0.818847 5.82309e-52
1.4 0.8 0.182771 0.819115 5.82306e-52
1.4 1 0.1828 0.819247 5.82311e-52
1.4 1.2 0.182745 0.819003 5.82309e-52
1.4 1.4 0.182619 0.818434 5.82304e-52
1.4 1.6 0.182485 0.817837 5.82312e-52
1.4 1.8 0.182296 0.816987 5.82305e-52
1.4 2 0.182087 0.816057 5.82302e-52
1.4 2.2 0.181893 0.815191 5.82294e-52
1.4 2.4 0.181761 0.814592 5.82302e-52
1.4 2.6 0.181628 0.814002 5.82293e-52
1.4 2.8 0.181573 0.813752 5.82301e-52
1.4 3 0.181539 0.813595 5.82294e-52
1.4 3.2 0.181587 0.813819 5.82291e-52
1.4 3.4 0.181725 0.814431 5.82299e-52
1.4 3.6 0.181883 0.815134 5.82296e-52
1.4 3.8 0.182067 0.815952 5.82303e-52
1.6 0 0.182317 0.81707 5.82305e-52
1.6 0.2 0.182472 0.817755 5.82305e-52
1.6 0.4 0.182582 0.818259 5.82303e-52
1.6 0.6 0.182658 0.818609 5.8231e-52
1.6 0.8 0.182671 0.818666 5.82303e-52
1.6 1 0.182665 0.818641 5.8231e-52
1.6 1.2 0.182577 0.818249 5.823e-52
1.6 1.4 0.182466 0.817746 5.82306e-52
1.6 1.6 0.182318 0.81709 5.82301e-52
1.6 1.8 0.182156 0.816361 5.82301e-52
1.6 2 0.181985 0.815604 5.82295e-52
1.6 2.2 0.181875 0.81511 5.82303e-52
1.6 2.4 0.181764 0.814611 5.82297e-52
1.6 2.6 0.181685 0.814249 5.82296e-52
1.6 2.8 0.181653 0.814107 5.82296e-52
1.6 3 0.18165 0.814101 5.82292e-52
1.6 3.2 0.181723 0.814435 5.82293e-52
1.6 3.4 0.181873 0.815098 5.823e-52
1.6 3.6 0.182034 0.815815 5.82306e-52
1.6 3.8 0.182165 0.816399 5.823e-52
1.8 0 0.182359 0.817252 5.82298e-52
1.8 0.2 0.182482 0.817806 5.82309e-52
1.8 0.4 0.182539 0.818069 5.82306e-52
1.8 0.6 0.182549 0.818112 5.82305e-52
1.8 0.8 0.182529 0.818021 5.82309e-52
1.8 1 0.182468 0.817764 5.82305e-52
1.8 1.2 0.182399 0.817459 5.82311e-52
1.8 1.4 0.182271 0.816882 5.82303e-52
1.8 1.6 0.182134 0.816268 5.823e-52
1.8 1.8 0.182012 0.815722 5.823e-52
1.8 2 0.181923 0.815322 5.82301e-52
1.8 2.2 0.181863 0.815063 5.82303e-52
1.8 2.4 0.181798 0.814767 5.82299e-52
1.8 2.6 0.181772 0.81464 5.82297e-52
1.8 2.8 0.181787 0.814711 5.82297e-52
1.8 3 0.181829 0.814911 5.82296e-52
1.8 3.2 0.181918 0.815308 5.823e-52
1.8 3.4 0.182047 0.815875 5.82302e-52
1.8 3.6 0.182157 0.816363 5.82301e-52
1.8 3.8 0.18226 0.816819 5.82303e-52
2 0 0.182398 0.817428 5.82301e-52
2 0.2 0.182453 0.817682 5.82309e-52
2 0.4 0.182457 0.817698 5.82308e-52
2 0.6 0.182418 0.817512 5.82309e-52
2 0.8 0.18233 0.817118 5.82302e-52
2 1 0.182237 0.81673 5.82301e-52
2 1.2 0.182164 0.816408 5.82306e-52
2 1.4 0.182052 0.815908 5.82298e-52
2 1.6 0.181949 0.815448 5.82298e-52
2 1.8 0.181869 0.815084 5.82294e-52
2 2 0.181852 0.815001 5.82297e-52
2 2.2 0.181853 0.815001 5.82302e-52
2 2.4 0.181834 0.814929 5.82292e-52
2 2.6 0.181885 0.815153 5.82298e-52
2 2.8 0.181962 0.815501 5.82299e-52
2 3 0.182052 0.815907 5.82305e-52
2 3.2 0.182117 0.816199 5.82297e-52
2 3.4 0.182223 0.816664 5.82304e-52
2 3.6 0.182298 0.816994 5.82303e-52
2 3.8 0.182346 0.817202 5.823e-52
2.2 0 0.182418 0.817521 5.82305e-52
2.2 0.2 0.182379 0.817352 5.82303e-52
2.2 0.4 0.18232 0.817088 5.82304e-52
2.2 0.6 0.182243 0.816735 5.82303e-52
2.2 0.8 0.182135 0.816248 5.82302e-52
2.2 1 0.182031 0.815803 5.82304e-52
2.2 1.2 0.181926 0.815344 5.82296e-52
2.2 1.4 0.181866 0.815077 5.82303e-52
2.2 1.6 0.181799 0.814775 5.82294e-52
2.2 1.8 0.181781 0.814689 5.82294e-52
2.2 2 0.181808 0.814804 5.82295e-52
2.2 2.2 0.18186 0.815036 5.82295e-52
2.2 2.4 0.181951 0.815447 5.82302e-52
2.2 2.6 0.182037 0.815829 5.82301e-52
2.2 2.8 0.182139 0.816286 5.823e-52
2.2 3 0.182261 0.816835 5.82305e-52
2.2 3.2 0.182338 0.817184 5.82302e-52
2.2 3.4 0.182402 0.817462 5.823e-52
2.2 3.6 0.182466 0.817743 5.82314e-52
2.2 3.8 0.18244 0.817623 5.82303e-52
2.4 0 0.18242 0.817525 5.82305e-52
2.4 0.2 0.182318 0.817069 5.82306e-52
2.4 0.4 0.182188 0.816492 5.82302e-52
2.4 0.6 0.182067 0.815948 5.82303e-52
2.4 0.8 0.181944 0.815394 5.82303e-52
2.4 1 0.181818 0.81485 5.82294e-52
2.4 1.2 0.181742 0.81452 5.82299e-52
2.4 1.4 0.181688 0.814276 5.82293e-52
2.4 1.6 0.181687 0.814268 5.82294e-52
2.4 1.8 0.181733 0.814479 5.82297e-52
2.4 2 0.181805 0.814795 5.82294e-52
2.4 2.2 0.181927 0.815332 5.82295e-52
2.4 2.4 0.182086 0.816044 5.82307e-52
2.4 2.6 0.182199 0.816539 5.82298e-52
2.4 2.8 0.182329 0.81713 5.82299e-52
2.4 3 0.182462 0.817734 5.82305e-52
2.4 3.2 0.182549 0.818132 5.82307e-52
2.4 3.4 0.182582 0.818272 5.82309e-52
2.4 3.6 0.182571 0.81821 5.82305e-52
2.4 3.8 0.182507 0.817915 5.82301e-52
2.6 0 0.18241 0.817478 5.82303e-52
2.6 0.2 0.182236 0.816701 5.82302e-52
2.6 0.4 0.182054 0.815885 5.82301e-52
2.6 0.6 0.181886 0.815135 5.82296e-52
2.6 0.8 0.181751 0.814537 5.82294e-52
2.6 1 0.181646 0.814084 5.82295e-52
2.6 1.2 0.181586 0.813817 5.82294e-52
2.6 1.4 0.181571 0.813752 5.82292e-52
2.6 1.6 0.181615 0.813949 5.82291e-52
2.6 1.8 0.181717 0.814403 5.82294e-52
2.6 2 0.181862 0.815043 5.82296e-52
2.6 2.2 0.182036 0.815816 5.82301e-52
2.6 2.4 0.182211 0.8166 5.82298e-52
2.6 2.6 0.182399 0.817436 5.82306e-52
2.6 2.8 0.182552 0.818132 5.82309e-52
2.6 3 0.182664 0.818642 5.82312e-52
2.6 3.2 0.182718 0.81889 5.82311e-52
2.6 3.4 0.182708 0.818842 5.82307e-52
2.6 3.6 0.182672 0.818672 5.82311e-52
2.6 3.8 0.182563 0.818175 5.82303e-52
2.8 0 0.182377 0.81734 5.82304e-52
2.8 0.2 0.182139 0.816275 5.82294e-52
2.8 0.4 0.181928 0.815316 5.82294e-52
2.8 0.6 0.181749 0.814514 5.82289e-52
2.8 0.8 0.18163 0.814002 5.82296e-52
2.8 1 0.181533 0.813576 5.82289e-52
2.8 1.2 0.181507 0.813458 5.82293e-52
2.8 1.4 0.181533 0.81357 5.82295e-52
2.8 1.6 0.181619 0.813965 5.82297e-52
2.8 1.8 0.181756 0.814577 5.82298e-52
2.8 2 0.181938 0.815383 5.823e-52
2.8 2.2 0.182151 0.816327 5.82303e-52
2.8 2.4 0.182369 0.817313 5.82303e-52
2.8 2.6 0.182598 0.818335 5.82317e-52
2.8 2.8 0.182736 0.818956 5.82314e-52
2.8 3 0.182809 0.819293 5.82311e-52
2.8 3.2 0.182835 0.819407 5.82309e-52
2.8 3.4 0.182803 0.819264 5.82313e-52
2.8 3.6 0.182717 0.818881 5.82306e-52
2.8 3.8 0.182603 0.818361 5.82317e-52
3 0 0.182319 0.817094 5.82304e-52
3 0.2 0.182084 0.816032 5.82305e-52
3 0.4 0.181869 0.815059 5.823e-52
3 0.6 0.181687 0.814235 5.82292e-52
3 0.8 0.181575 0.81375 5.82297e-52
3 1 0.18151 0.813467 5.82295e-52
3 1.2 0.181497 0.813414 5.82292e-52
3 1.4 0.181535 0.813584 5.82292e-52
3 1.6 0.181633 0.814031 5.82293e-52
3 1.8 0.181797 0.814761 5.82297e-52
3 2 0.181978 0.815571 5.82286e-52
3 2.2 0.182244 0.816753 5.82301e-52
3 2.4 0.182498 0.817895 5.8231e-52
3 2.6 0.182691 0.818761 5.82307e-52
3 2.8 0.182835 0.819408 5.82314e-52
3 3 0.182888 0.81964 5.82314e-52
3 3.2 0.182881 0.819606 5.82316e-52
3 3.4 0.182806 0.819271 5.82312e-52
3 3.6 0.182686 0.818735 5.82306e-52
3 3.8 0.182546 0.818114 5.82311e-52
3.2 0 0.182223 0.816664 5.82302e-52
3.2 0.2 0.181989 0.815606 5.82294e-52
3.2 0.4 0.181818 0.814829 5.82297e-52
3.2 0.6 0.181656 0.814104 5.82293e-52
3.2 0.8 0.181547 0.813625 5.8229e-52
3.2 1 0.181522 0.813515 5.82296e-52
3.2 1.2 0.181548 0.813641 5.82298e-52
3.2 1.4 0.181603 0.813898 5.82295e-52
3.2 1.6 0.181705 0.814356 5.82291e-52
3.2 1.8 0.181885 0.815153 5.82295e-52
3.2 2 0.182103 0.81613 5.82297e-52
3.2 2.2 0.182345 0.817205 5.82306e-52
3.2 2.4 0.182551 0.818124 5.82303e-52
3.2 2.6 0.182741 0.81898 5.8231e-52
3.2 2.8 0.182863 0.819531 5.8232e-52
3.2 3 0.182856 0.819499 5.82307e-52
3.2 3.2 0.182814 0.819319 5.82309e-52
3.2 3.4 0.182716 0.818877 5.82302e-52
3.2 3.6 0.182595 0.818331 5.82304e-52
3.2 3.8 0.182448 0.817678 5.82309e-52
3.4 0 0.182104 0.816126 5.82298e-52
3.4 0.2 0.18192 0.815294 5.82295e-52
3.4 0.4 0.181796 0.814737 5.823e-52
3.4 0.6 0.18168 0.814214 5.82299e-52
3.4 0.8 0.181599 0.813866 5.82297e-52
3.4 1 0.181569 0.813732 5.82288e-52
3.4 1.2 0.18163 0.814009 5.82296e-52
3.4 1.4 0.18172 0.814427 5.82298e-52
3.4 1.6 0.181851 0.81501 5.82303e-52
3.4 1.8 0.182018 0.815751 5.82298e-52
3.4 2 0.182243 0.816762 5.82311e-52
3.4 2.2 0.182423 0.817555 5.82304e-52
3.4 2.4 0.182598 0.818331 5.82311e-52
3.4 2.6 0.182737 0.818959 5.82313e-52
3.4 2.8 0.182784 0.819179 5.82309e-52
3.4 3 0.182764 0.819097 5.82309e-52
3.4 3.2 0.182701 0.818814 5.82306e-52
3.4 3.4 0.182615 0.818419 5.82307e-52
3.4 3.6 0.182487 0.817845 5.82307e-52
3.4 3.8 0.182307 0.817041 5.82299e-52
3.6 0 0.182015 0.815732 5.823e-52
3.6 0.2 0.181896 0.81519 5.82301e-52
3.6 0.4 0.181795 0.81474 5.82299e-52
3.6 0.6 0.181709 0.81435 5.82295e-52
3.6 0.8 0.181678 0.81422 5.82292e-52
3.6 1 0.181711 0.814379 5.82299e-52
3.6 1.2 0.181774 0.814663 5.82297e-52
3.6 1.4 0.181864 0.815062 5.82296e-52
3.6 1.6 0.181983 0.815596 5.82295e-52
3.6 1.8 0.182139 0.8163 5.82299e-52
3.6 2 0.182303 0.817029 5.823e-52
3.6 2.2 0.182456 0.817716 5.82306e-52
3.6 2.4 0.182589 0.8183 5.82311e-52
3.6 2.6 0.182676 0.818696 5.82316e-52
3.6 2.8 0.182674 0.818696 5.8231e-52
3.6 3 0.182631 0.818499 5.82308e-52
3.6 3.2 0.182546 0.818118 5.82305e-52
3.6 3.4 0.182443 0.817652 5.82302e-52
3.6 3.6 0.182331 0.817149 5.82305e-52
3.6 3.8 0.18218 0.816478 5.82304e-52
3.8 0 0.181945 0.815421 5.823e-52
3.8 0.2 0.18187 0.815078 5.82296e-52
3.8 0.4 0.181817 0.81484 5.82298e-52
3.8 0.6 0.181775 0.814641 5.8229e-52
3.8 0.8 0.181809 0.814803 5.82299e-52
3.8 1 0.181872 0.815097 5.82297e-52
3.8 1.2 0.181957 0.815484 5.82302e-52
3.8 1.4 0.182046 0.81588 5.823e-52
3.8 1.6 0.182158 0.816373 5.82304e-52
3.8 1.8 0.182261 0.816833 5.82304e-52
3.8 2 0.182349 0.817227 5.823e-52
3.8 2.2 0.182447 0.817674 5.82307e-52
3.8 2.4 0.182514 0.817968 5.82308e-52
3.8 2.6 0.182521 0.818016 5.82303e-52
3.8 2.8 0.1825 0.817922 5.82304e-52
3.8 3 0.182445 0.817665 5.82302e-52
3.8 3.2 0.18236 0.817286 5.82305e-52
3.8 3.4 0.18225 0.816794 5.82305e-52
3.8 3.6 0.182136 0.816276 5.823e-52
3.8 3.8 0.182032 0.815826 5.82299e-52
