0 0 0.514024 0.48604 6.2208e-19
0 0.2 0.513997 0.48593 6.22e-19
0 0.4 0.514077 0.48592 6.2204e-19
0 0.6 0.51413 0.485884 6.22039e-19
0 0.8 0.514192 0.485869 6.22079e-19
0 1 0.514145 0.485776 6.22015e-19
0 1.2 0.514184 0.48579 6.22047e-19
0 1.4 0.514144 0.485758 6.22005e-19
0 1.6 0.514169 0.485808 6.2203e-19
0 1.8 0.514187 0.485882 6.22064e-19
0 2 0.514151 0.485914 6.22056e-19
0 2.2 0.514061 0.48592 6.22037e-19
0 2.4 0.513973 0.485933 6.22022e-19
0 2.6 0.513948 0.485997 6.22016e-19
0 2.8 0.513986 0.4861 6.22071e-19
0 3 0.51392 0.486091 6.22029e-19
0 3.2 0.513902 0.486099 6.22043e-19
0 3.4 0.513932 0.48612 6.22079e-19
0 3.6 0.513906 0.486063 6.22042e-19
0 3.8 0.51393 0.486031 6.22024e-19
0.2 0 0.513841 0.486083 6.22017e-19
0.2 0.2 0.513931 0.486083 6.22064e-19
0.2 0.4 0.51395 0.486014 6.22024e-19
0.2 0.6 0.514044 0.486013 6.22067e-19
0.2 0.8 0.514057 0.485951 6.22044e-19
0.2 1 0.514018 0.485867 6.22004e-19
0.2 1.2 0.514056 0.48588 6.2203e-19
0.2 1.4 0.514109 0.485924 6.22053e-19
0.2 1.6 0.514106 0.485943 6.22045e-19
0.2 1.8 0.514062 0.485939 6.22011e-19
0.2 2 0.514079 0.486023 6.22067e-19
0.2 2.2 0.513984 0.486017 6.22043e-19
0.2 2.4 0.513895 0.486018 6.22019e-19
0.2 2.6 0.513887 0.486099 6.22043e-19
0.2 2.8 0.513849 0.486144 6.22021e-19
0.2 3 0.513835 0.48619 6.22053e-19
0.2 3.2 0.513766 0.486154 6.22004e-19
0.2 3.4 0.513785 0.486173 6.22034e-19
0.2 3.6 0.513803 0.486165 6.22046e-19
0.2 3.8 0.513835 0.486146 6.22056e-19
0.4 0 0.513744 0.486182 6.22032e-19
0.4 0.2 0.513808 0.486163 6.22046e-19
0.4 0.4 0.513836 0.486103 6.22018e-19
0.4 0.6 0.513908 0.486086 6.22034e-19
0.4 0.8 0.513958 0.486056 6.22038e-19
0.4 1 0.513998 0.486041 6.22073e-19
0.4 1.2 0.513977 0.485983 6.22032e-19
0.4 1.4 0.514009 0.486001 6.22034e-19
0.4 1.6 0.514026 0.48603 6.22038e-19
0.4 1.8 0.514005 0.486041 6.2204e-19
0.4 2 0.513997 0.486091 6.22068e-19
0.4 2.2 0.513899 0.486077 6.22018e-19
0.4 2.4 0.513858 0.486122 6.2203e-19
0.4 2.6 0.51384 0.486193 6.22047e-19
0.4 2.8 0.513801 0.486239 6.22043e-19
0.4 3 0.513736 0.486245 6.22029e-19
0.4 3.2 0.513684 0.48624 6.22018e-19
0.4 3.4 0.513673 0.486238 6.2202e-19
0.4 3.6 0.51372 0.486264 6.22052e-19
0.4 3.8 0.513728 0.486228 6.22042e-19
0.6 0 0.513667 0.486262 6.22008e-19
0.6 0.2 0.513714 0.486229 6.22028e-19
0.6 0.4 0.513751 0.486179 6.22028e-19
0.6 0.6 0.513828 0.486163 6.22039e-19
0.6 0.8 0.513898 0.486153 6.22051e-19
0.6 1 0.513922 0.486123 6.22059e-19
0.6 1.2 0.513914 0.486074 6.22027e-19
0.6 1.4 0.513967 0.486102 6.22056e-19
0.6 1.6 0.513957 0.486091 6.22043e-19
0.6 1.8 0.513952 0.486109 6.22065e-19
0.6 2 0.51389 0.486094 6.22027e-19
0.6 2.2 0.513879 0.486151 6.22048e-19
0.6 2.4 0.513846 0.486209 6.22055e-19
0.6 2.6 0.513797 0.486248 6.22032e-19
0.6 2.8 0.513792 0.486329 6.22085e-19
0.6 3 0.513691 0.486306 6.22038e-19
0.6 3.2 0.513654 0.486326 6.2204e-19
0.6 3.4 0.513624 0.486321 6.22021e-19
0.6 3.6 0.513647 0.486331 6.22035e-19
0.6 3.8 0.513648 0.486298 6.22017e-19
0.8 0 0.513689 0.486381 6.22064e-19
0.8 0.2 0.513662 0.486282 6.22022e-19
0.8 0.4 0.513681 0.486212 6.22009e-19
0.8 0.6 0.513734 0.486175 6.22011e-19
0.8 0.8 0.513827 0.486186 6.22051e-19
0.8 1 0.513829 0.486132 6.22019e-19
0.8 1.2 0.513894 0.486147 6.22051e-19
0.8 1.4 0.513942 0.48616 6.22071e-19
0.8 1.6 0.513901 0.486107 6.2203e-19
0.8 1.8 0.513873 0.486098 6.22026e-19
0.8 2 0.513847 0.486112 6.22022e-19
0.8 2.2 0.513861 0.486183 6.2206e-19
0.8 2.4 0.513821 0.486224 6.22046e-19
0.8 2.6 0.51382 0.48631 6.22081e-19
0.8 2.8 0.51374 0.486324 6.22046e-19
0.8 3 0.51366 0.486331 6.22037e-19
0.8 3.2 0.513633 0.486361 6.22056e-19
0.8 3.4 0.513604 0.486369 6.22034e-19
0.8 3.6 0.513647 0.486414 6.22068e-19
0.8 3.8 0.513642 0.486384 6.22034e-19
1 0 0.513712 0.486429 6.22083e-19
1 0.2 0.513681 0.486323 6.22043e-19
1 0.4 0.513714 0.486273 6.22054e-19
1 0.6 0.513717 0.486186 6.2201e-19
1 0.8 0.513795 0.486181 6.22033e-19
1 1 0.513854 0.486172 6.2205e-19
1 1.2 0.513891 0.486155 6.22063e-19
1 1.4 0.513878 0.486108 6.22026e-19
1 1.6 0.513884 0.486106 6.22032e-19
1 1.8 0.513918 0.486146 6.22067e-19
1 2 0.513862 0.486125 6.22025e-19
1 2.2 0.513832 0.486152 6.22035e-19
1 2.4 0.513813 0.486201 6.22042e-19
1 2.6 0.513782 0.486263 6.22036e-19
1 2.8 0.513754 0.486331 6.22071e-19
1 3 0.513656 0.486326 6.22035e-19
1 3.2 0.513593 0.486331 6.22018e-19
1 3.4 0.513581 0.486357 6.22025e-19
1 3.6 0.513601 0.486383 6.22032e-19
1 3.8 0.51367 0.486429 6.22064e-19
1.2 0 0.513693 0.486359 6.22047e-19
1.2 0.2 0.51367 0.486276 6.22016e-19
1.2 0.4 0.513751 0.486268 6.22069e-19
1.2 0.6 0.513759 0.486189 6.22033e-19
1.2 0.8 0.513834 0.486176 6.22058e-19
1.2 1 0.513853 0.486119 6.22039e-19
1.2 1.2 0.513858 0.486074 6.22021e-19
1.2 1.4 0.513879 0.486059 6.22023e-19
1.2 1.6 0.513915 0.486074 6.22035e-19
1.2 1.8 0.513958 0.486123 6.22062e-19
1.2 2 0.513935 0.486132 6.22058e-19
1.2 2.2 0.513847 0.4861 6.22012e-19
1.2 2.4 0.513851 0.48617 6.22047e-19
1.2 2.6 0.513856 0.486269 6.22081e-19
1.2 2.8 0.513779 0.486294 6.22064e-19
1.2 3 0.513703 0.48631 6.22055e-19
1.2 3.2 0.513666 0.486344 6.22072e-19
1.2 3.4 0.513618 0.486341 6.22033e-19
1.2 3.6 0.513604 0.486339 6.22023e-19
1.2 3.8 0.51367 0.486378 6.22055e-19
1.4 0 0.513733 0.486284 6.22039e-19
1.4 0.2 0.513754 0.486244 6.22035e-19
1.4 0.4 0.513828 0.486231 6.22076e-19
1.4 0.6 0.513848 0.486161 6.22059e-19
1.4 0.8 0.513904 0.486126 6.22067e-19
1.4 1 0.513906 0.486055 6.22031e-19
1.4 1.2 0.513923 0.486026 6.22027e-19
1.4 1.4 0.513951 0.48602 6.22038e-19
1.4 1.6 0.513974 0.486024 6.22036e-19
1.4 1.8 0.514006 0.48606 6.22049e-19
1.4 2 0.514035 0.486113 6.22098e-19
1.4 2.2 0.513929 0.48606 6.22042e-19
1.4 2.4 0.513888 0.486094 6.22041e-19
1.4 2.6 0.513885 0.486181 6.22071e-19
1.4 2.8 0.513784 0.486188 6.22035e-19
1.4 3 0.513714 0.486204 6.22024e-19
1.4 3.2 0.51366 0.486226 6.21999e-19
1.4 3.4 0.513686 0.486287 6.22043e-19
1.4 3.6 0.513668 0.486286 6.22046e-19
1.4 3.8 0.513685 0.486284 6.22029e-19
1.6 0 0.513848 0.48622 6.22072e-19
1.6 0.2 0.513875 0.486182 6.22057e-19
1.6 0.4 0.513919 0.486141 6.22063e-19
1.6 0.6 0.513919 0.486057 6.22042e-19
1.6 0.8 0.513958 0.48601 6.22037e-19
1.6 1 0.514009 0.485988 6.22038e-19
1.6 1.2 0.514049 0.485979 6.2205e-19
1.6 1.4 0.514048 0.485948 6.22042e-19
1.6 1.6 0.514067 0.485953 6.22045e-19
1.6 1.8 0.514078 0.485974 6.22056e-19
1.6 2 0.51406 0.485985 6.22051e-19
1.6 2.2 0.513981 0.485959 6.22024e-19
1.6 2.4 0.513926 0.485983 6.22018e-19
1.6 2.6 0.513914 0.486058 6.22051e-19
1.6 2.8 0.513809 0.486046 6.22002e-19
1.6 3 0.513788 0.48611 6.22022e-19
1.6 3.2 0.513795 0.486186 6.22048e-19
1.6 3.4 0.513764 0.4862 6.22036e-19
1.6 3.6 0.513711 0.486157 6.22003e-19
1.6 3.8 0.513766 0.48619 6.22039e-19
1.8 0 0.513874 0.486034 6.22004e-19
1.8 0.2 0.513957 0.486046 6.22032e-19
1.8 0.4 0.514024 0.486037 6.22066e-19
1.8 0.6 0.514027 0.485954 6.22039e-19
1.8 0.8 0.514074 0.485915 6.22043e-19
1.8 1 0.51416 0.485929 6.22087e-19
1.8 1.2 0.514175 0.485893 6.22069e-19
1.8 1.4 0.514181 0.485871 6.22057e-19
1.8 1.6 0.514174 0.485865 6.22044e-19
1.8 1.8 0.514146 0.485854 6.22031e-19
1.8 2 0.514111 0.485852 6.22013e-19
1.8 2.2 0.514092 0.485892 6.22037e-19
1.8 2.4 0.514067 0.485941 6.22051e-19
1.8 2.6 0.513988 0.485952 6.22021e-19
1.8 2.8 0.513964 0.486014 6.22056e-19
1.8 3 0.513918 0.48605 6.22035e-19
1.8 3.2 0.513907 0.486101 6.22035e-19
1.8 3.4 0.513901 0.486137 6.22054e-19
1.8 3.6 0.513862 0.486102 6.22034e-19
1.8 3.8 0.513864 0.486073 6.22038e-19
2 0 0.514009 0.485937 6.22019e-19
2 0.2 0.514105 0.485964 6.22075e-19
2 0.4 0.514107 0.485891 6.22022e-19
2 0.6 0.514163 0.485858 6.22057e-19
2 0.8 0.514185 0.485797 6.22049e-19
2 1 0.514223 0.48577 6.22051e-19
2 1.2 0.514241 0.485746 6.2204e-19
2 1.4 0.514291 0.485771 6.22064e-19
2 1.6 0.514306 0.485786 6.22066e-19
2 1.8 0.514269 0.485766 6.22028e-19
2 2 0.514254 0.485798 6.2204e-19
2 2.2 0.514205 0.485816 6.22034e-19
2 2.4 0.514197 0.485885 6.22062e-19
2 2.6 0.514118 0.485897 6.22036e-19
2 2.8 0.51409 0.485954 6.2205e-19
2 3 0.514072 0.486009 6.22065e-19
2 3.2 0.514025 0.486016 6.22041e-19
2 3.4 0.514007 0.486026 6.22041e-19
2 3.6 0.514 0.486016 6.22045e-19
2 3.8 0.513987 0.485975 6.22031e-19
2.2 0 0.514147 0.485857 6.22047e-19
2.2 0.2 0.514159 0.485803 6.22021e-19
2.2 0.4 0.514225 0.485788 6.22044e-19
2.2 0.6 0.514236 0.485711 6.22013e-19
2.2 0.8 0.514278 0.485673 6.22038e-19
2.2 1 0.514313 0.485649 6.2204e-19
2.2 1.2 0.514343 0.485632 6.22029e-19
2.2 1.4 0.514401 0.485666 6.2206e-19
2.2 1.6 0.514371 0.485646 6.22023e-19
2.2 1.8 0.514376 0.485681 6.2203e-19
2.2 2 0.514365 0.485726 6.22046e-19
2.2 2.2 0.514274 0.485711 6.22011e-19
2.2 2.4 0.514264 0.485785 6.2205e-19
2.2 2.6 0.514192 0.485799 6.22024e-19
2.2 2.8 0.514198 0.485888 6.22068e-19
2.2 3 0.514169 0.485928 6.22066e-19
2.2 3.2 0.514113 0.485915 6.22035e-19
2.2 3.4 0.514099 0.48592 6.2204e-19
2.2 3.6 0.514063 0.485872 6.22002e-19
2.2 3.8 0.514114 0.485882 6.22039e-19
2.4 0 0.514224 0.485755 6.22031e-19
2.4 0.2 0.514271 0.485729 6.2204e-19
2.4 0.4 0.51432 0.485687 6.2203e-19
2.4 0.6 0.514395 0.485673 6.22071e-19
2.4 0.8 0.514398 0.4856 6.22043e-19
2.4 1 0.514461 0.485598 6.22064e-19
2.4 1.2 0.514504 0.485602 6.22072e-19
2.4 1.4 0.514507 0.485596 6.22075e-19
2.4 1.6 0.514472 0.485569 6.22036e-19
2.4 1.8 0.514496 0.485632 6.22073e-19
2.4 2 0.514459 0.485666 6.2206e-19
2.4 2.2 0.514367 0.485657 6.22038e-19
2.4 2.4 0.514313 0.485692 6.22048e-19
2.4 2.6 0.514226 0.485696 6.22006e-19
2.4 2.8 0.514218 0.485765 6.22026e-19
2.4 3 0.514197 0.485806 6.2203e-19
2.4 3.2 0.51415 0.485796 6.22008e-19
2.4 3.4 0.514204 0.485854 6.22066e-19
2.4 3.6 0.514198 0.48583 6.22045e-19
2.4 3.8 0.514237 0.485822 6.22079e-19
2.6 0 0.514279 0.485672 6.22023e-19
2.6 0.2 0.514392 0.485709 6.2209e-19
2.6 0.4 0.514408 0.485634 6.22041e-19
2.6 0.6 0.514451 0.485589 6.22047e-19
2.6 0.8 0.514474 0.485527 6.2203e-19
2.6 1 0.514532 0.485525 6.22051e-19
2.6 1.2 0.514544 0.485503 6.22042e-19
2.6 1.4 0.51452 0.485473 6.22025e-19
2.6 1.6 0.51453 0.485505 6.22055e-19
2.6 1.8 0.514483 0.485501 6.22018e-19
2.6 2 0.514473 0.485568 6.22042e-19
2.6 2.2 0.514424 0.485605 6.22044e-19
2.6 2.4 0.514375 0.485646 6.22049e-19
2.6 2.6 0.514334 0.485696 6.22054e-19
2.6 2.8 0.514307 0.485742 6.2206e-19
2.6 3 0.514295 0.485793 6.22094e-19
2.6 3.2 0.514204 0.485734 6.22018e-19
2.6 3.4 0.514223 0.485754 6.22028e-19
2.6 3.6 0.514284 0.485789 6.22077e-19
2.6 3.8 0.514256 0.485717 6.22032e-19
2.8 0 0.514314 0.485633 6.22031e-19
2.8 0.2 0.514388 0.485621 6.22039e-19
2.8 0.4 0.514459 0.485593 6.22056e-19
2.8 0.6 0.514487 0.48553 6.22041e-19
2.8 0.8 0.51454 0.485505 6.22062e-19
2.8 1 0.514555 0.485467 6.22041e-19
2.8 1.2 0.514568 0.485449 6.22048e-19
2.8 1.4 0.51455 0.485429 6.22038e-19
2.8 1.6 0.514536 0.485443 6.22046e-19
2.8 1.8 0.514477 0.485439 6.22016e-19
2.8 2 0.514451 0.485494 6.2201e-19
2.8 2.2 0.514451 0.485585 6.22052e-19
2.8 2.4 0.514395 0.485618 6.2204e-19
2.8 2.6 0.514377 0.485688 6.22063e-19
2.8 2.8 0.51433 0.485719 6.2206e-19
2.8 3 0.514227 0.485669 6.21996e-19
2.8 3.2 0.514227 0.485692 6.22025e-19
2.8 3.4 0.514278 0.485743 6.22071e-19
2.8 3.6 0.514274 0.485713 6.2204e-19
2.8 3.8 0.514314 0.485702 6.22069e-19
3 0 0.51435 0.48565 6.22065e-19
3 0.2 0.514393 0.485603 6.22039e-19
3 0.4 0.514446 0.485558 6.22037e-19
3 0.6 0.514476 0.485496 6.22031e-19
3 0.8 0.51451 0.48546 6.22026e-19
3 1 0.51457 0.485469 6.22064e-19
3 1.2 0.514545 0.485412 6.22018e-19
3 1.4 0.514553 0.485427 6.22039e-19
3 1.6 0.514516 0.485429 6.22017e-19
3 1.8 0.514524 0.485491 6.22061e-19
3 2 0.514476 0.485529 6.22033e-19
3 2.2 0.514479 0.485619 6.22069e-19
3 2.4 0.514354 0.485598 6.22e-19
3 2.6 0.514331 0.485662 6.22028e-19
3 2.8 0.514341 0.485741 6.22081e-19
3 3 0.514267 0.485718 6.22042e-19
3 3.2 0.514217 0.485688 6.22017e-19
3 3.4 0.514203 0.485668 6.21998e-19
3 3.6 0.514249 0.485676 6.22034e-19
3 3.8 0.514265 0.48564 6.22022e-19
3.2 0 0.514275 0.485621 6.22013e-19
3.2 0.2 0.514393 0.485647 6.22062e-19
3.2 0.4 0.514457 0.485608 6.22055e-19
3.2 0.6 0.514472 0.485542 6.22042e-19
3.2 0.8 0.514511 0.485513 6.22045e-19
3.2 1 0.514559 0.485507 6.22061e-19
3.2 1.2 0.514546 0.485473 6.22044e-19
3.2 1.4 0.514544 0.485477 6.22046e-19
3.2 1.6 0.514504 0.485477 6.22029e-19
3.2 1.8 0.514455 0.485495 6.22016e-19
3.2 2 0.514447 0.485566 6.2203e-19
3.2 2.2 0.514476 0.485685 6.22096e-19
3.2 2.4 0.514357 0.485668 6.2203e-19
3.2 2.6 0.514339 0.485734 6.22072e-19
3.2 2.8 0.514291 0.485758 6.22047e-19
3.2 3 0.51429 0.485805 6.22082e-19
3.2 3.2 0.514246 0.485779 6.22061e-19
3.2 3.4 0.514225 0.485746 6.22053e-19
3.2 3.6 0.514189 0.485673 6.21992e-19
3.2 3.8 0.514244 0.485667 6.22036e-19
3.4 0 0.514227 0.485675 6.22015e-19
3.4 0.2 0.514301 0.485655 6.22015e-19
3.4 0.4 0.514422 0.485679 6.22074e-19
3.4 0.6 0.514408 0.485582 6.22018e-19
3.4 0.8 0.51446 0.485568 6.22037e-19
3.4 1 0.514486 0.48555 6.22042e-19
3.4 1.2 0.514488 0.485534 6.22038e-19
3.4 1.4 0.514518 0.485571 6.22083e-19
3.4 1.6 0.514434 0.485529 6.22013e-19
3.4 1.8 0.51442 0.485579 6.22043e-19
3.4 2 0.514376 0.485618 6.22034e-19
3.4 2.2 0.51435 0.485683 6.22045e-19
3.4 2.4 0.514291 0.48572 6.22039e-19
3.4 2.6 0.514261 0.485775 6.22054e-19
3.4 2.8 0.514199 0.485785 6.22029e-19
3.4 3 0.514158 0.485795 6.2202e-19
3.4 3.2 0.51417 0.485819 6.2204e-19
3.4 3.4 0.51416 0.485796 6.22026e-19
3.4 3.6 0.514224 0.485814 6.22066e-19
3.4 3.8 0.514224 0.485752 6.22037e-19
3.6 0 0.514181 0.485785 6.22026e-19
3.6 0.2 0.514269 0.485779 6.22055e-19
3.6 0.4 0.514319 0.485734 6.2205e-19
3.6 0.6 0.514359 0.48569 6.22059e-19
3.6 0.8 0.514383 0.485652 6.22047e-19
3.6 1 0.514409 0.485637 6.22049e-19
3.6 1.2 0.514463 0.485673 6.22095e-19
3.6 1.4 0.514416 0.485635 6.22055e-19
3.6 1.6 0.514384 0.485639 6.22051e-19
3.6 1.8 0.514348 0.485667 6.22046e-19
3.6 2 0.514312 0.485712 6.22044e-19
3.6 2.2 0.514251 0.485748 6.22039e-19
3.6 2.4 0.514178 0.485773 6.22023e-19
3.6 2.6 0.514143 0.485827 6.22037e-19
3.6 2.8 0.514088 0.485838 6.22001e-19
3.6 3 0.514115 0.485911 6.22055e-19
3.6 3.2 0.514097 0.485912 6.2205e-19
3.6 3.4 0.51408 0.485878 6.22028e-19
3.6 3.6 0.514152 0.4859 6.2206e-19
3.6 3.8 0.514194 0.485878 6.22077e-19
3.8 0 0.514135 0.485933 6.22068e-19
3.8 0.2 0.514172 0.485875 6.22053e-19
3.8 0.4 0.514192 0.48581 6.22033e-19
3.8 0.6 0.514229 0.485766 6.2203e-19
3.8 0.8 0.514268 0.485729 6.22033e-19
3.8 1 0.514306 0.485723 6.22058e-19
3.8 1.2 0.514349 0.485747 6.22087e-19
3.8 1.4 0.514275 0.485689 6.22029e-19
3.8 1.6 0.514295 0.485738 6.22066e-19
3.8 1.8 0.514241 0.485742 6.22021e-19
3.8 2 0.514222 0.485799 6.22037e-19
3.8 2.2 0.514177 0.485851 6.22058e-19
3.8 2.4 0.514078 0.485853 6.22022e-19
3.8 2.6 0.514053 0.48592 6.22034e-19
3.8 2.8 0.514059 0.48599 6.22057e-19
3.8 3 0.514041 0.48602 6.22058e-19
3.8 3.2 0.513999 0.486001 6.22038e-19
3.8 3.4 0.514007 0.486001 6.22049e-19
3.8 3.6 0.514024 0.48597 6.22034e-19
3.8 3.8 0.514084 0.485963 6.22067e-19
