0 0 0.181908 0.815248 5.82305e-52
0 0.2 0.181853 0.815007 5.82295e-52
0 0.4 0.181876 0.815109 5.82302e-52
0 0.6 0.181906 0.815248 5.82293e-52
0 0.8 0.181982 0.815583 5.82298e-52
0 1 0.182077 0.816013 5.82304e-52
0 1.2 0.182148 0.816334 5.82299e-52
0 1.4 0.182235 0.81673 5.82304e-52
0 1.6 0.182317 0.817087 5.82305e-52
0 1.8 0.182387 0.817394 5.82306e-52
0 2 0.182424 0.817551 5.82305e-52
0 2.2 0.182429 0.817575 5.8231e-52
0 2.4 0.18238 0.817367 5.82304e-52
0 2.6 0.182321 0.817105 5.82303e-52
0 2.8 0.182257 0.816808 5.82307e-52
0 3 0.182157 0.816375 5.82293e-52
0 3.2 0.182118 0.816204 5.82299e-52
0 3.4 0.182071 0.815988 5.823e-52
0 3.6 0.182001 0.815666 5.82295e-52
0 3.8 0.181961 0.815484 5.82303e-52
0.2 0 0.182064 0.815947 5.82302e-52
0.2 0.2 0.182055 0.81591 5.82297e-52
0.2 0.4 0.182084 0.816048 5.82302e-52
0.2 0.6 0.182115 0.816178 5.82305e-52
0.2 0.8 0.182136 0.816267 5.823e-52
0.2 1 0.18217 0.816427 5.82303e-52
0.2 1.2 0.182195 0.816548 5.82303e-52
0.2 1.4 0.18222 0.816658 5.82302e-52
0.2 1.6 0.182233 0.816718 5.82302e-52
0.2 1.8 0.182242 0.816752 5.823e-52
0.2 2 0.182242 0.816744 5.82306e-52
0.2 2.2 0.182193 0.816521 5.82296e-52
0.2 2.4 0.182162 0.816387 5.82301e-52
0.2 2.6 0.182116 0.816189 5.82296e-52
0.2 2.8 0.182077 0.816009 5.82296e-52
0.2 3 0.182053 0.815903 5.82298e-52
0.2 3.2 0.182063 0.815948 5.823e-52
0.2 3.4 0.182086 0.816048 5.82304e-52
0.2 3.6 0.182082 0.81603 5.82302e-52
0.2 3.8 0.182063 0.815948 5.82294e-52
0.4 0 0.182232 0.816696 5.823e-52
0.4 0.2 0.182264 0.816847 5.82302e-52
0.4 0.4 0.182319 0.817094 5.8231e-52
0.4 0.6 0.182328 0.817129 5.82306e-52
0.4 0.8 0.182308 0.817034 5.82305e-52
0.4 1 0.182273 0.816887 5.82302e-52
0.4 1.2 0.182252 0.816812 5.82303e-52
0.4 1.4 0.182218 0.81666 5.82305e-52
0.4 1.6 0.182154 0.816372 5.82298e-52
0.4 1.8 0.182124 0.816225 5.82303e-52
0.4 2 0.182064 0.815955 5.82299e-52
0.4 2.2 0.18201 0.815712 5.82304e-52
0.4 2.4 0.181958 0.815478 5.82297e-52
0.4 2.6 0.18196 0.815489 5.82302e-52
0.4 2.8 0.181963 0.815493 5.82302e-52
0.4 3 0.181968 0.815518 5.82295e-52
0.4 3.2 0.18202 0.815763 5.82299e-52
0.4 3.4 0.182095 0.816095 5.823e-52
0.4 3.6 0.182168 0.816415 5.82304e-52
0.4 3.8 0.18222 0.81665 5.82308e-52
0.6 0 0.182412 0.817511 5.82309e-52
0.6 0.2 0.182451 0.817678 5.82303e-52
0.6 0.4 0.182485 0.817839 5.82305e-52
0.6 0.6 0.182491 0.817865 5.82306e-52
0.6 0.8 0.182454 0.8177 5.82305e-52
0.6 1 0.18239 0.817411 5.82304e-52
0.6 1.2 0.182322 0.817109 5.82308e-52
0.6 1.4 0.182222 0.816666 5.82306e-52
0.6 1.6 0.182105 0.816139 5.82297e-52
0.6 1.8 0.182025 0.815774 5.82304e-52
0.6 2 0.181909 0.815256 5.82294e-52
0.6 2.2 0.181837 0.814937 5.82298e-52
0.6 2.4 0.181789 0.814716 5.82292e-52
0.6 2.6 0.181804 0.814788 5.82294e-52
0.6 2.8 0.181849 0.814978 5.82302e-52
0.6 3 0.181901 0.815216 5.82298e-52
0.6 3.2 0.181994 0.815651 5.823e-52
0.6 3.4 0.182128 0.816246 5.82306e-52
0.6 3.6 0.182238 0.816729 5.82302e-52
0.6 3.8 0.182338 0.817185 5.82307e-52
0.8 0 0.182556 0.818171 5.82307e-52
0.8 0.2 0.1826 0.818361 5.82302e-52
0.8 0.4 0.182634 0.818506 5.82307e-52
0.8 0.6 0.182629 0.818482 5.82306e-52
0.8 0.8 0.182574 0.81824 5.82306e-52
0.8 1 0.182487 0.817847 5.82312e-52
0.8 1.2 0.182336 0.817162 5.82302e-52
0.8 1.4 0.182195 0.816529 5.82302e-52
0.8 1.6 0.182072 0.815982 5.82311e-52
0.8 1.8 0.181905 0.815241 5.82296e-52
0.8 2 0.181775 0.81465 5.82295e-52
0.8 2.2 0.181704 0.814341 5.82296e-52
0.8 2.4 0.181676 0.814215 5.82296e-52
0.8 2.6 0.181709 0.814365 5.82304e-52
0.8 2.8 0.18175 0.814539 5.82297e-52
0.8 3 0.181844 0.814965 5.82298e-52
0.8 3.2 0.181986 0.81562 5.82302e-52
0.8 3.4 0.182153 0.816363 5.82304e-52
0.8 3.6 0.182313 0.817076 5.82305e-52
0.8 3.8 0.182441 0.817656 5.82302e-52
1 0 0.182689 0.818765 5.82315e-52
1 0.2 0.182725 0.818916 5.82303e-52
1 0.4 0.18276 0.819063 5.8231e-52
1 0.6 0.182743 0.818978 5.82311e-52
1 0.8 0.182652 0.818573 5.82306e-52
1 1 0.182536 0.818058 5.8231e-52
1 1.2 0.182337 0.817171 5.823e-52
1 1.4 0.182146 0.816323 5.82299e-52
1 1.6 0.18198 0.815577 5.82298e-52
1 1.8 0.181828 0.814897 5.82306e-52
1 2 0.181662 0.814147 5.82288e-52
1 2.2 0.181596 0.813857 5.82297e-52
1 2.4 0.181552 0.81367 5.82288e-52
1 2.6 0.181593 0.813858 5.8229e-52
1 2.8 0.181673 0.81421 5.82296e-52
1 3 0.181791 0.814733 5.82292e-52
1 3.2 0.181982 0.815592 5.82301e-52
1 3.4 0.182163 0.816412 5.82298e-52
1 3.6 0.182386 0.817416 5.82309e-52
1 3.8 0.182565 0.818211 5.82311e-52
1.2 0 0.182748 0.819025 5.82309e-52
1.2 0.2 0.18283 0.819379 5.82313e-52
1.2 0.4 0.182841 0.819423 5.82312e-52
1.2 0.6 0.182795 0.819208 5.82314e-52
1.2 0.8 0.182674 0.818666 5.82303e-52
1.2 1 0.182547 0.818096 5.82309e-52
1.2 1.2 0.182332 0.817138 5.82301e-52
1.2 1.4 0.182118 0.816195 5.82302e-52
1.2 1.6 0.181929 0.815353 5.82297e-52
1.2 1.8 0.181756 0.814575 5.82297e-52
1.2 2 0.181604 0.813893 5.82295e-52
1.2 2.2 0.181526 0.813551 5.82295e-52
1.2 2.4 0.181521 0.813534 5.82297e-52
1.2 2.6 0.181562 0.813713 5.82297e-52
1.2 2.8 0.181642 0.814079 5.82291e-52
1.2 3 0.181792 0.814746 5.82296e-52
1.2 3.2 0.181992 0.815637 5.82302e-52
1.2 3.4 0.182205 0.816603 5.82305e-52
1.2 3.6 0.182421 0.817567 5.82307e-52
1.2 3.8 0.182609 0.818404 5.82306e-52
1.4 0 0.182766 0.819098 5.82312e-52
1.4 0.2 0.18285 0.819475 5.82311e-52
1.4 0.4 0.18285 0.819466 5.82311e-52
1.4 0.6 0.182771 0.819097 5.82306e-52
1.4 0.8 0.182663 0.81862 5.82312e-52
1.4 1 0.182498 0.817889 5.82305e-52
1.4 1.2 0.182296 0.816987 5.82298e-52
1.4 1.4 0.182103 0.81613 5.823e-52
1.4 1.6 0.181918 0.815307 5.82304e-52
1.4 1.8 0.181724 0.814437 5.82294e-52
1.4 2 0.181576 0.813773 5.82293e-52
1.4 2.2 0.181513 0.813489 5.82295e-52
1.4 2.4 0.181519 0.813525 5.82295e-52
1.4 2.6 0.181567 0.813737 5.8229e-52
1.4 2.8 0.181682 0.814252 5.82299e-52
1.4 3 0.181816 0.814852 5.82296e-52
1.4 3.2 0.181988 0.815615 5.82291e-52
1.4 3.4 0.182219 0.816648 5.82303e-52
1.4 3.6 0.182429 0.817587 5.82305e-52
1.4 3.8 0.182614 0.818421 5.82307e-52
1.6 0 0.182715 0.818856 5.82313e-52
1.6 0.2 0.182795 0.819216 5.82317e-52
1.6 0.4 0.182789 0.819191 5.82315e-52
1.6 0.6 0.182694 0.818753 5.82306e-52
1.6 0.8 0.182557 0.81814 5.823e-52
1.6 1 0.182428 0.81758 5.82306e-52
1.6 1.2 0.182266 0.81687 5.82301e-52
1.6 1.4 0.182093 0.816092 5.82302e-52
1.6 1.6 0.181903 0.815243 5.82297e-52
1.6 1.8 0.181747 0.814539 5.823e-52
1.6 2 0.181608 0.813914 5.82288e-52
1.6 2.2 0.181558 0.813694 5.82295e-52
1.6 2.4 0.181576 0.813778 5.82295e-52
1.6 2.6 0.181648 0.814102 5.82303e-52
1.6 2.8 0.181728 0.814458 5.82294e-52
1.6 3 0.181856 0.815023 5.82292e-52
1.6 3.2 0.18204 0.815848 5.82302e-52
1.6 3.4 0.182223 0.816663 5.82299e-52
1.6 3.6 0.182421 0.817549 5.8231e-52
1.6 3.8 0.182584 0.818273 5.8231e-52
1.8 0 0.182571 0.818208 5.82308e-52
1.8 0.2 0.182621 0.818443 5.82305e-52
1.8 0.4 0.182626 0.818456 5.82304e-52
1.8 0.6 0.182579 0.818237 5.82309e-52
1.8 0.8 0.182459 0.817699 5.82301e-52
1.8 1 0.182349 0.817221 5.82302e-52
1.8 1.2 0.182224 0.816677 5.82302e-52
1.8 1.4 0.182076 0.816025 5.82302e-52
1.8 1.6 0.181909 0.815274 5.82295e-52
1.8 1.8 0.181787 0.814711 5.82293e-52
1.8 2 0.181721 0.814412 5.82299e-52
1.8 2.2 0.181673 0.814205 5.82293e-52
1.8 2.4 0.18168 0.814241 5.82293e-52
1.8 2.6 0.181734 0.814479 5.82293e-52
1.8 2.8 0.181825 0.814887 5.82298e-52
1.8 3 0.181948 0.815438 5.823e-52
1.8 3.2 0.182083 0.816042 5.823e-52
1.8 3.4 0.182232 0.8167 5.82305e-52
1.8 3.6 0.182349 0.817221 5.82296e-52
1.8 3.8 0.182479 0.817803 5.82307e-52
2 0 0.182398 0.817428 5.82301e-52
2 0.2 0.182453 0.817682 5.82309e-52
2 0.4 0.182457 0.817698 5.82308e-52
2 0.6 0.182418 0.817512 5.82309e-52
2 0.8 0.18233 0.817118 5.82302e-52
2 1 0.182237 0.81673 5.82301e-52
2 1.2 0.182164 0.816408 5.82306e-52
2 1.4 0.182052 0.815908 5.82298e-52
2 1.6 0.181949 0.815448 5.82298e-52
2 1.8 0.181869 0.815084 5.82294e-52
2 2 0.181852 0.815001 5.82297e-52
2 2.2 0.181853 0.815001 5.82302e-52
2 2.4 0.181834 0.814929 5.82292e-52
2 2.6 0.181885 0.815153 5.82298e-52
2 2.8 0.181962 0.815501 5.82299e-52
2 3 0.182052 0.815907 5.82305e-52
2 3.2 0.182117 0.816199 5.82297e-52
2 3.4 0.182223 0.816664 5.82304e-52
2 3.6 0.182298 0.816994 5.82303e-52
2 3.8 0.182346 0.817202 5.823e-52
2.2 0 0.182251 0.816768 5.82307e-52
2.2 0.2 0.182251 0.816775 5.82305e-52
2.2 0.4 0.182247 0.816756 5.82306e-52
2.2 0.6 0.182212 0.816598 5.82302e-52
2.2 0.8 0.182171 0.816415 5.82303e-52
2.2 1 0.182107 0.81614 5.82297e-52
2.2 1.2 0.182072 0.815991 5.82299e-52
2.2 1.4 0.182045 0.815874 5.823e-52
2.2 1.6 0.182015 0.815743 5.82297e-52
2.2 1.8 0.181993 0.815634 5.82295e-52
2.2 2 0.182013 0.815722 5.82299e-52
2.2 2.2 0.182035 0.815816 5.82302e-52
2.2 2.4 0.182034 0.815815 5.82297e-52
2.2 2.6 0.182072 0.815987 5.82301e-52
2.2 2.8 0.182119 0.81619 5.82305e-52
2.2 3 0.182147 0.816322 5.82303e-52
2.2 3.2 0.182163 0.816397 5.82298e-52
2.2 3.4 0.182212 0.816619 5.82305e-52
2.2 3.6 0.182226 0.816677 5.82303e-52
2.2 3.8 0.182225 0.816664 5.82301e-52
2.4 0 0.182063 0.815931 5.82301e-52
2.4 0.2 0.182027 0.815762 5.82294e-52
2.4 0.4 0.182023 0.81575 5.82303e-52
2.4 0.6 0.181996 0.815648 5.82297e-52
2.4 0.8 0.182016 0.815743 5.82303e-52
2.4 1 0.182015 0.815733 5.823e-52
2.4 1.2 0.182014 0.815727 5.82296e-52
2.4 1.4 0.182057 0.815917 5.82298e-52
2.4 1.6 0.182114 0.816176 5.82304e-52
2.4 1.8 0.182141 0.816293 5.82299e-52
2.4 2 0.182186 0.816494 5.82302e-52
2.4 2.2 0.182231 0.816695 5.823e-52
2.4 2.4 0.182271 0.81686 5.82306e-52
2.4 2.6 0.182287 0.816936 5.82309e-52
2.4 2.8 0.18226 0.816818 5.82302e-52
2.4 3 0.182241 0.816743 5.82301e-52
2.4 3.2 0.182217 0.816631 5.82305e-52
2.4 3.4 0.18218 0.816469 5.82301e-52
2.4 3.6 0.182132 0.816263 5.82302e-52
2.4 3.8 0.182085 0.816043 5.82296e-52
2.6 0 0.181885 0.815135 5.82297e-52
2.6 0.2 0.181834 0.814903 5.82297e-52
2.6 0.4 0.18181 0.814804 5.82296e-52
2.6 0.6 0.18181 0.814817 5.82294e-52
2.6 0.8 0.181861 0.815058 5.82295e-52
2.6 1 0.181933 0.815374 5.823e-52
2.6 1.2 0.181996 0.815659 5.82297e-52
2.6 1.4 0.182096 0.816092 5.82302e-52
2.6 1.6 0.182194 0.81653 5.82301e-52
2.6 1.8 0.182286 0.816952 5.82306e-52
2.6 2 0.182352 0.817243 5.82294e-52
2.6 2.2 0.182447 0.817665 5.8231e-52
2.6 2.4 0.182475 0.817778 5.82305e-52
2.6 2.6 0.182464 0.817732 5.82309e-52
2.6 2.8 0.182406 0.817474 5.82303e-52
2.6 3 0.182352 0.817233 5.8231e-52
2.6 3.2 0.182244 0.816755 5.82298e-52
2.6 3.4 0.182158 0.816374 5.82306e-52
2.6 3.6 0.182034 0.815827 5.82294e-52
2.6 3.8 0.181957 0.815467 5.82299e-52
2.8 0 0.181728 0.814446 5.82296e-52
2.8 0.2 0.181663 0.814148 5.82295e-52
2.8 0.4 0.181648 0.814079 5.82296e-52
2.8 0.6 0.181673 0.814199 5.82293e-52
2.8 0.8 0.18176 0.8146 5.82297e-52
2.8 1 0.18188 0.815128 5.82303e-52
2.8 1.2 0.182 0.815678 5.82299e-52
2.8 1.4 0.182145 0.816324 5.82302e-52
2.8 1.6 0.182285 0.816945 5.82302e-52
2.8 1.8 0.182422 0.817565 5.82303e-52
2.8 2 0.182556 0.818157 5.82311e-52
2.8 2.2 0.182616 0.818419 5.82303e-52
2.8 2.4 0.182645 0.818547 5.82307e-52
2.8 2.6 0.18261 0.818384 5.82305e-52
2.8 2.8 0.182541 0.81808 5.82307e-52
2.8 3 0.182443 0.817643 5.82308e-52
2.8 3.2 0.182283 0.81693 5.82301e-52
2.8 3.4 0.182137 0.816289 5.82302e-52
2.8 3.6 0.18198 0.815582 5.82297e-52
2.8 3.8 0.181848 0.814984 5.82296e-52
3 0 0.181606 0.813901 5.82288e-52
3 0.2 0.181539 0.813603 5.82293e-52
3 0.4 0.181542 0.813618 5.823e-52
3 0.6 0.181586 0.813818 5.82297e-52
3 0.8 0.181697 0.814309 5.82299e-52
3 1 0.181839 0.814944 5.82299e-52
3 1.2 0.182012 0.815727 5.82302e-52
3 1.4 0.182195 0.816551 5.82305e-52
3 1.6 0.182378 0.817374 5.82305e-52
3 1.8 0.182548 0.818124 5.82307e-52
3 2 0.182671 0.818673 5.82307e-52
3 2.2 0.182742 0.818988 5.82309e-52
3 2.4 0.182778 0.819153 5.82313e-52
3 2.6 0.182723 0.818904 5.82305e-52
3 2.8 0.18262 0.818438 5.82304e-52
3 3 0.182492 0.817868 5.82309e-52
3 3.2 0.182296 0.816991 5.823e-52
3 3.4 0.182136 0.816282 5.82308e-52
3 3.6 0.181956 0.815469 5.82302e-52
3 3.8 0.181778 0.814675 5.82301e-52
3.2 0 0.181555 0.813678 5.82289e-52
3.2 0.2 0.181487 0.813381 5.82295e-52
3.2 0.4 0.181455 0.813242 5.8229e-52
3.2 0.6 0.181504 0.813456 5.82289e-52
3.2 0.8 0.181641 0.814064 5.82292e-52
3.2 1 0.181818 0.814862 5.82295e-52
3.2 1.2 0.182012 0.815732 5.82298e-52
3.2 1.4 0.182233 0.816723 5.82307e-52
3.2 1.6 0.182438 0.817642 5.82308e-52
3.2 1.8 0.182618 0.818435 5.82314e-52
3.2 2 0.182728 0.818928 5.82309e-52
3.2 2.2 0.182799 0.819251 5.82308e-52
3.2 2.4 0.18283 0.819388 5.82311e-52
3.2 2.6 0.182793 0.819221 5.82315e-52
3.2 2.8 0.182668 0.81866 5.82306e-52
3.2 3 0.182513 0.817971 5.82312e-52
3.2 3.2 0.182284 0.816939 5.82299e-52
3.2 3.4 0.182083 0.816035 5.82298e-52
3.2 3.6 0.1819 0.815219 5.82297e-52
3.2 3.8 0.181719 0.814412 5.82298e-52
3.4 0 0.181564 0.813713 5.82293e-52
3.4 0.2 0.181508 0.813469 5.82302e-52
3.4 0.4 0.181459 0.813255 5.82292e-52
3.4 0.6 0.181497 0.813431 5.82286e-52
3.4 0.8 0.181648 0.814105 5.82294e-52
3.4 1 0.181843 0.814978 5.82302e-52
3.4 1.2 0.182034 0.81584 5.82303e-52
3.4 1.4 0.182249 0.8168 5.82308e-52
3.4 1.6 0.182443 0.817657 5.82307e-52
3.4 1.8 0.182598 0.818351 5.82303e-52
3.4 2 0.182729 0.81893 5.82308e-52
3.4 2.2 0.182816 0.819325 5.82316e-52
3.4 2.4 0.1828 0.819258 5.82305e-52
3.4 2.6 0.182768 0.819105 5.82314e-52
3.4 2.8 0.182656 0.818604 5.82311e-52
3.4 3 0.182485 0.817842 5.82306e-52
3.4 3.2 0.182282 0.816926 5.82304e-52
3.4 3.4 0.182069 0.815968 5.82296e-52
3.4 3.6 0.181887 0.815157 5.823e-52
3.4 3.8 0.181696 0.814302 5.82292e-52
3.6 0 0.181623 0.813973 5.82293e-52
3.6 0.2 0.181557 0.813678 5.82293e-52
3.6 0.4 0.181551 0.813666 5.82295e-52
3.6 0.6 0.181609 0.813933 5.82295e-52
3.6 0.8 0.181723 0.814438 5.82294e-52
3.6 1 0.181881 0.815144 5.82299e-52
3.6 1.2 0.18203 0.815806 5.82293e-52
3.6 1.4 0.182215 0.816634 5.823e-52
3.6 1.6 0.182399 0.817451 5.823e-52
3.6 1.8 0.182584 0.818277 5.82312e-52
3.6 2 0.182697 0.818788 5.82313e-52
3.6 2.2 0.18273 0.818939 5.82306e-52
3.6 2.4 0.182721 0.818889 5.82308e-52
3.6 2.6 0.182665 0.818632 5.82307e-52
3.6 2.8 0.182563 0.818178 5.82306e-52
3.6 3 0.182431 0.817596 5.82307e-52
3.6 3.2 0.182272 0.81689 5.82308e-52
3.6 3.4 0.182093 0.816082 5.82306e-52
3.6 3.6 0.181906 0.815239 5.82297e-52
3.6 3.8 0.181751 0.814545 5.82298e-52
3.8 0 0.181731 0.814458 5.82292e-52
3.8 0.2 0.181677 0.81422 5.82294e-52
3.8 0.4 0.181699 0.81432 5.82297e-52
3.8 0.6 0.181777 0.814668 5.82308e-52
3.8 0.8 0.181846 0.814971 5.82298e-52
3.8 1 0.181968 0.815526 5.823e-52
3.8 1.2 0.182098 0.816106 5.82304e-52
3.8 1.4 0.182213 0.81663 5.82299e-52
3.8 1.6 0.18235 0.817239 5.82299e-52
3.8 1.8 0.182498 0.817889 5.82305e-52
3.8 2 0.182589 0.818297 5.82309e-52
3.8 2.2 0.1826 0.818352 5.82308e-52
3.8 2.4 0.182576 0.818244 5.82309e-52
3.8 2.6 0.182514 0.817964 5.82306e-52
3.8 2.8 0.182424 0.817551 5.82306e-52
3.8 3 0.182307 0.817042 5.82302e-52
3.8 3.2 0.182204 0.81659 5.82304e-52
3.8 3.4 0.182091 0.816075 5.82305e-52
3.8 3.6 0.181959 0.81547 5.82301e-52
3.8 3.8 0.181847 0.814973 5.82303e-52
