0 0
0.0005 -0.0578395
0.001 -0.108062
0.0015 -0.155413
0.002 -0.200903
0.0025 -0.245011
0.003 -0.288019
0.0035 -0.330112
0.004 -0.371425
0.0045 -0.412056
0.005 -0.452082
0.0055 -0.491564
0.006 -0.530553
0.0065 -0.56909
0.007 -0.607211
0.0075 -0.644946
0.008 -0.682322
0.0085 -0.719361
0.009 -0.756084
0.0095 -0.792508
0.01 -0.82865
0.0105 -0.864524
0.011 -0.900143
0.0115 -0.93552
0.012 -0.970664
0.0125 -1.00559
0.013 -1.0403
0.0135 -1.0748
0.014 -1.10911
0.0145 -1.14323
0.015 -1.17717
0.0155 -1.21093
0.016 -1.24452
0.0165 -1.27795
0.017 -1.31122
0.0175 -1.34433
0.018 -1.37729
0.0185 -1.41011
0.019 -1.44279
0.0195 -1.47533
0.02 -1.50773
0.0205 -1.54001
0.021 -1.57216
0.0215 -1.60418
0.022 -1.63609
0.0225 -1.66787
0.023 -1.69954
0.0235 -1.7311
0.024 -1.76255
0.0245 -1.79389
0.025 -1.82513
0.0255 -1.85627
0.026 -1.8873
0.0265 -1.91824
0.027 -1.94907
0.0275 -1.97982
0.028 -2.01047
0.0285 -2.04103
0.029 -2.0715
0.0295 -2.10189
0.03 -2.13219
0.0305 -2.1624
0.031 -2.19253
0.0315 -2.22258
0.032 -2.25255
0.0325 -2.28244
0.033 -2.31226
0.0335 -2.34199
0.034 -2.37166
0.0345 -2.40125
0.035 -2.43076
0.0355 -2.46021
0.036 -2.48958
0.0365 -2.51889
0.037 -2.54813
0.0375 -2.5773
0.038 -2.60641
0.0385 -2.63545
0.039 -2.66442
0.0395 -2.69334
0.04 -2.72219
0.0405 -2.75098
0.041 -2.7797
0.0415 -2.80837
0.042 -2.83698
0.0425 -2.86553
0.043 -2.89403
0.0435 -2.92247
0.044 -2.95085
0.0445 -2.97918
0.045 -3.00745
0.0455 -3.03567
0.046 -3.06383
0.0465 -3.09194
0.047 -3.12
0.0475 -3.14801
0.048 -3.17597
0.0485 -3.20388
0.049 -3.23174
0.0495 -3.25955
0.05 -3.28732
0.0505 -3.31503
0.051 -3.3427
0.0515 -3.37032
0.052 -3.39789
0.0525 -3.42542
0.053 -3.45291
0.0535 -3.48035
0.054 -3.50774
0.0545 -3.5351
0.055 -3.56241
0.0555 -3.58967
0.056 -3.6169
0.0565 -3.64408
0.057 -3.67122
0.0575 -3.69832
0.058 -3.72538
0.0585 -3.7524
0.059 -3.77938
0.0595 -3.80632
0.06 -3.83322
0.0605 -3.86008
0.061 -3.88691
0.0615 -3.91369
0.062 -3.94044
0.0625 -3.96716
0.063 -3.99383
0.0635 -4.02047
0.064 -4.04707
0.0645 -4.07364
0.065 -4.10017
0.0655 -4.12667
0.066 -4.15313
0.0665 -4.17956
0.067 -4.20596
0.0675 -4.23232
0.068 -4.25864
0.0685 -4.28494
0.069 -4.3112
0.0695 -4.33743
0.07 -4.36362
0.0705 -4.38979
0.071 -4.41592
0.0715 -4.44202
0.072 -4.46809
0.0725 -4.49413
0.073 -4.52014
0.0735 -4.54612
0.074 -4.57207
0.0745 -4.59798
0.075 -4.62387
0.0755 -4.64973
0.076 -4.67556
0.0765 -4.70136
0.077 -4.72714
0.0775 -4.75288
0.078 -4.7786
0.0785 -4.80428
0.079 -4.82994
0.0795 -4.85558
0.08 -4.88118
0.0805 -4.90676
0.081 -4.93231
0.0815 -4.95784
0.082 -4.98333
0.0825 -5.00881
0.083 -5.03425
0.0835 -5.05967
0.084 -5.08507
0.0845 -5.11044
0.085 -5.13578
0.0855 -5.1611
0.086 -5.18639
0.0865 -5.21166
0.087 -5.23691
0.0875 -5.26213
0.088 -5.28732
0.0885 -5.3125
0.089 -5.33765
0.0895 -5.36277
0.09 -5.38787
0.0905 -5.41295
0.091 -5.43801
0.0915 -5.46304
0.092 -5.48805
0.0925 -5.51303
0.093 -5.538
0.0935 -5.56294
0.094 -5.58786
0.0945 -5.61276
0.095 -5.63764
0.0955 -5.66249
0.096 -5.68732
0.0965 -5.71214
0.097 -5.73693
0.0975 -5.7617
0.098 -5.78644
0.0985 -5.81117
0.099 -5.83588
0.0995 -5.86057
0.1 -5.88523
0.1005 -5.90988
0.101 -5.9345
0.1015 -5.95911
0.102 -5.9837
0.1025 -6.00826
0.103 -6.03281
0.1035 -6.05734
0.104 -6.08185
0.1045 -6.10634
0.105 -6.13081
0.1055 -6.15526
0.106 -6.17969
0.1065 -6.20411
0.107 -6.2285
0.1075 -6.25288
0.108 -6.27724
0.1085 -6.30158
0.109 -6.3259
0.1095 -6.3502
0.11 -6.37449
0.1105 -6.39876
0.111 -6.42301
0.1115 -6.44725
0.112 -6.47146
0.1125 -6.49566
0.113 -6.51984
0.1135 -6.54401
0.114 -6.56816
0.1145 -6.59229
0.115 -6.6164
0.1155 -6.6405
0.116 -6.66458
0.1165 -6.68865
0.117 -6.7127
0.1175 -6.73673
0.118 -6.76074
0.1185 -6.78475
0.119 -6.80873
0.1195 -6.8327
0.12 -6.85665
0.1205 -6.88059
0.121 -6.90451
0.1215 -6.92842
0.122 -6.95231
0.1225 -6.97618
0.123 -7.00004
0.1235 -7.02389
0.124 -7.04772
0.1245 -7.07154
0.125 -7.09534
0.1255 -7.11912
0.126 -7.14289
0.1265 -7.16665
0.127 -7.19039
0.1275 -7.21412
0.128 -7.23783
0.1285 -7.26153
0.129 -7.28522
0.1295 -7.30889
0.13 -7.33255
0.1305 -7.35619
0.131 -7.37982
0.1315 -7.40344
0.132 -7.42704
0.1325 -7.45063
0.133 -7.4742
0.1335 -7.49777
0.134 -7.52131
0.1345 -7.54485
0.135 -7.56837
0.1355 -7.59188
0.136 -7.61538
0.1365 -7.63886
0.137 -7.66233
0.1375 -7.68579
0.138 -7.70923
0.1385 -7.73267
0.139 -7.75609
0.1395 -7.77949
0.14 -7.80289
0.1405 -7.82627
0.141 -7.84964
0.1415 -7.873
0.142 -7.89634
0.1425 -7.91968
0.143 -7.943
0.1435 -7.96631
0.144 -7.98961
0.1445 -8.01289
0.145 -8.03617
0.1455 -8.05943
0.146 -8.08268
0.1465 -8.10592
0.147 -8.12915
0.1475 -8.15236
0.148 -8.17557
0.1485 -8.19876
0.149 -8.22194
0.1495 -8.24511
0.15 -8.26827
0.1505 -8.29142
0.151 -8.31456
0.1515 -8.33769
0.152 -8.3608
0.1525 -8.38391
0.153 -8.407
0.1535 -8.43009
0.154 -8.45316
0.1545 -8.47622
0.155 -8.49928
0.1555 -8.52232
0.156 -8.54535
0.1565 -8.56837
0.157 -8.59138
0.1575 -8.61438
0.158 -8.63737
0.1585 -8.66035
0.159 -8.68332
0.1595 -8.70628
0.16 -8.72923
0.1605 -8.75217
0.161 -8.7751
0.1615 -8.79802
0.162 -8.82093
0.1625 -8.84383
0.163 -8.86673
0.1635 -8.88961
0.164 -8.91248
0.1645 -8.93534
0.165 -8.9582
0.1655 -8.98104
0.166 -9.00387
0.1665 -9.0267
0.167 -9.04951
0.1675 -9.07232
0.168 -9.09512
0.1685 -9.11791
0.169 -9.14069
0.1695 -9.16346
0.17 -9.18622
0.1705 -9.20897
0.171 -9.23171
0.1715 -9.25445
0.172 -9.27718
0.1725 -9.29989
0.173 -9.3226
0.1735 -9.3453
0.174 -9.36799
0.1745 -9.39068
0.175 -9.41335
0.1755 -9.43602
0.176 -9.45867
0.1765 -9.48132
0.177 -9.50396
0.1775 -9.5266
0.178 -9.54922
0.1785 -9.57184
0.179 -9.59445
0.1795 -9.61705
0.18 -9.63964
0.1805 -9.66222
0.181 -9.6848
0.1815 -9.70737
0.182 -9.72993
0.1825 -9.75248
0.183 -9.77502
0.1835 -9.79756
0.184 -9.82009
0.1845 -9.84261
0.185 -9.86512
0.1855 -9.88763
0.186 -9.91013
0.1865 -9.93262
0.187 -9.9551
0.1875 -9.97758
0.188 -10
0.1885 -10.0225
0.189 -10.045
0.1895 -10.0674
0.19 -10.0898
0.1905 -10.1123
0.191 -10.1347
0.1915 -10.1571
0.192 -10.1795
0.1925 -10.2019
0.193 -10.2243
0.1935 -10.2467
0.194 -10.2691
0.1945 -10.2915
0.195 -10.3139
0.1955 -10.3362
0.196 -10.3586
0.1965 -10.3809
0.197 -10.4033
0.1975 -10.4256
0.198 -10.4479
0.1985 -10.4702
0.199 -10.4926
0.1995 -10.5149
0.2 -10.5372
0.2005 -10.5595
0.201 -10.5818
0.2015 -10.604
0.202 -10.6263
0.2025 -10.6486
0.203 -10.6708
0.2035 -10.6931
0.204 -10.7154
0.2045 -10.7376
0.205 -10.7598
0.2055 -10.7821
0.206 -10.8043
0.2065 -10.8265
0.207 -10.8487
0.2075 -10.8709
0.208 -10.8931
0.2085 -10.9153
0.209 -10.9375
0.2095 -10.9597
0.21 -10.9819
0.2105 -11.0041
0.211 -11.0262
0.2115 -11.0484
0.212 -11.0705
0.2125 -11.0927
0.213 -11.1148
0.2135 -11.137
0.214 -11.1591
0.2145 -11.1812
0.215 -11.2034
0.2155 -11.2255
0.216 -11.2476
0.2165 -11.2697
0.217 -11.2918
0.2175 -11.3139
0.218 -11.336
0.2185 -11.3581
0.219 -11.3801
0.2195 -11.4022
0.22 -11.4243
0.2205 -11.4463
0.221 -11.4684
0.2215 -11.4904
0.222 -11.5125
0.2225 -11.5345
0.223 -11.5566
0.2235 -11.5786
0.224 -11.6006
0.2245 -11.6226
0.225 -11.6447
0.2255 -11.6667
0.226 -11.6887
0.2265 -11.7107
0.227 -11.7327
0.2275 -11.7547
0.228 -11.7767
0.2285 -11.7986
0.229 -11.8206
0.2295 -11.8426
0.23 -11.8646
0.2305 -11.8865
0.231 -11.9085
0.2315 -11.9304
0.232 -11.9524
0.2325 -11.9743
0.233 -11.9963
0.2335 -12.0182
0.234 -12.0401
0.2345 -12.0621
0.235 -12.084
0.2355 -12.1059
0.236 -12.1278
0.2365 -12.1497
0.237 -12.1716
0.2375 -12.1935
0.238 -12.2154
0.2385 -12.2373
0.239 -12.2592
0.2395 -12.2811
0.24 -12.3029
0.2405 -12.3248
0.241 -12.3467
0.2415 -12.3686
0.242 -12.3904
0.2425 -12.4123
0.243 -12.4341
0.2435 -12.456
0.244 -12.4778
0.2445 -12.4997
0.245 -12.5215
0.2455 -12.5433
0.246 -12.5652
0.2465 -12.587
0.247 -12.6088
0.2475 -12.6306
0.248 -12.6524
0.2485 -12.6742
0.249 -12.696
0.2495 -12.7179
0.25 -12.7396
0.2505 -12.7614
0.251 -12.7832
0.2515 -12.805
0.252 -12.8268
0.2525 -12.8486
0.253 -12.8704
0.2535 -12.8921
0.254 -12.9139
0.2545 -12.9357
0.255 -12.9574
0.2555 -12.9792
0.256 -13.0009
0.2565 -13.0227
0.257 -13.0444
0.2575 -13.0662
0.258 -13.0879
0.2585 -13.1097
0.259 -13.1314
0.2595 -13.1531
0.26 -13.1748
0.2605 -13.1966
0.261 -13.2183
0.2615 -13.24
0.262 -13.2617
0.2625 -13.2834
0.263 -13.3051
0.2635 -13.3268
0.264 -13.3485
0.2645 -13.3702
0.265 -13.3919
0.2655 -13.4136
0.266 -13.4353
0.2665 -13.457
0.267 -13.4787
0.2675 -13.5004
0.268 -13.522
0.2685 -13.5437
0.269 -13.5654
0.2695 -13.587
0.27 -13.6087
0.2705 -13.6304
0.271 -13.652
0.2715 -13.6737
0.272 -13.6953
0.2725 -13.717
0.273 -13.7386
0.2735 -13.7603
0.274 -13.7819
0.2745 -13.8035
0.275 -13.8252
0.2755 -13.8468
0.276 -13.8684
0.2765 -13.8901
0.277 -13.9117
0.2775 -13.9333
0.278 -13.9549
0.2785 -13.9765
0.279 -13.9982
0.2795 -14.0198
0.28 -14.0414
0.2805 -14.063
0.281 -14.0846
0.2815 -14.1062
0.282 -14.1278
0.2825 -14.1494
0.283 -14.171
0.2835 -14.1925
0.284 -14.2141
0.2845 -14.2357
0.285 -14.2573
0.2855 -14.2789
0.286 -14.3005
0.2865 -14.322
0.287 -14.3436
0.2875 -14.3652
0.288 -14.3867
0.2885 -14.4083
0.289 -14.4299
0.2895 -14.4514
0.29 -14.473
0.2905 -14.4946
0.291 -14.5161
0.2915 -14.5377
0.292 -14.5592
0.2925 -14.5808
0.293 -14.6023
0.2935 -14.6238
0.294 -14.6454
0.2945 -14.6669
0.295 -14.6885
0.2955 -14.71
0.296 -14.7315
0.2965 -14.7531
0.297 -14.7746
0.2975 -14.7961
0.298 -14.8176
0.2985 -14.8392
0.299 -14.8607
0.2995 -14.8822
0.3 -14.9037
0.3005 -14.9252
0.301 -14.9467
0.3015 -14.9683
0.302 -14.9898
0.3025 -15.0113
0.303 -15.0328
0.3035 -15.0543
0.304 -15.0758
0.3045 -15.0973
0.305 -15.1188
0.3055 -15.1403
0.306 -15.1618
0.3065 -15.1833
0.307 -15.2047
0.3075 -15.2262
0.308 -15.2477
0.3085 -15.2692
0.309 -15.2907
0.3095 -15.3122
0.31 -15.3337
0.3105 -15.3551
0.311 -15.3766
0.3115 -15.3981
0.312 -15.4196
0.3125 -15.441
0.313 -15.4625
0.3135 -15.484
0.314 -15.5054
0.3145 -15.5269
0.315 -15.5484
0.3155 -15.5698
0.316 -15.5913
0.3165 -15.6127
0.317 -15.6342
0.3175 -15.6557
0.318 -15.6771
0.3185 -15.6986
0.319 -15.72
0.3195 -15.7415
0.32 -15.7629
0.3205 -15.7844
0.321 -15.8058
0.3215 -15.8273
0.322 -15.8487
0.3225 -15.8701
0.323 -15.8916
0.3235 -15.913
0.324 -15.9345
0.3245 -15.9559
0.325 -15.9773
0.3255 -15.9988
0.326 -16.0202
0.3265 -16.0416
0.327 -16.0631
0.3275 -16.0845
0.328 -16.1059
0.3285 -16.1274
0.329 -16.1488
0.3295 -16.1702
0.33 -16.1916
0.3305 -16.2131
0.331 -16.2345
0.3315 -16.2559
0.332 -16.2773
0.3325 -16.2987
0.333 -16.3202
0.3335 -16.3416
0.334 -16.363
0.3345 -16.3844
0.335 -16.4058
0.3355 -16.4272
0.336 -16.4486
0.3365 -16.47
0.337 -16.4915
0.3375 -16.5129
0.338 -16.5343
0.3385 -16.5557
0.339 -16.5771
0.3395 -16.5985
0.34 -16.6199
0.3405 -16.6413
0.341 -16.6627
0.3415 -16.6841
0.342 -16.7055
0.3425 -16.7269
0.343 -16.7483
0.3435 -16.7697
0.344 -16.7911
0.3445 -16.8125
0.345 -16.8339
0.3455 -16.8553
0.346 -16.8767
0.3465 -16.8981
0.347 -16.9194
0.3475 -16.9408
0.348 -16.9622
0.3485 -16.9836
0.349 -17.005
0.3495 -17.0264
0.35 -17.0478
0.3505 -17.0692
0.351 -17.0906
0.3515 -17.1119
0.352 -17.1333
0.3525 -17.1547
0.353 -17.1761
0.3535 -17.1975
0.354 -17.2189
0.3545 -17.2402
0.355 -17.2616
0.3555 -17.283
0.356 -17.3044
0.3565 -17.3258
0.357 -17.3471
0.3575 -17.3685
0.358 -17.3899
0.3585 -17.4113
0.359 -17.4326
0.3595 -17.454
0.36 -17.4754
0.3605 -17.4968
0.361 -17.5181
0.3615 -17.5395
0.362 -17.5609
0.3625 -17.5823
0.363 -17.6036
0.3635 -17.625
0.364 -17.6464
0.3645 -17.6678
0.365 -17.6891
0.3655 -17.7105
0.366 -17.7319
0.3665 -17.7532
0.367 -17.7746
0.3675 -17.796
0.368 -17.8174
0.3685 -17.8387
0.369 -17.8601
0.3695 -17.8815
0.37 -17.9028
0.3705 -17.9242
0.371 -17.9456
0.3715 -17.9669
0.372 -17.9883
0.3725 -18.0097
0.373 -18.031
0.3735 -18.0524
0.374 -18.0738
0.3745 -18.0951
0.375 -18.1165
0.3755 -18.1379
0.376 -18.1592
0.3765 -18.1806
0.377 -18.202
0.3775 -18.2233
0.378 -18.2447
0.3785 -18.2661
0.379 -18.2874
0.3795 -18.3088
0.38 -18.3302
0.3805 -18.3515
0.381 -18.3729
0.3815 -18.3943
0.382 -18.4156
0.3825 -18.437
0.383 -18.4584
0.3835 -18.4797
0.384 -18.5011
0.3845 -18.5224
0.385 -18.5438
0.3855 -18.5652
0.386 -18.5865
0.3865 -18.6079
0.387 -18.6293
0.3875 -18.6506
0.388 -18.672
0.3885 -18.6934
0.389 -18.7147
0.3895 -18.7361
0.39 -18.7575
0.3905 -18.7788
0.391 -18.8002
0.3915 -18.8216
0.392 -18.8429
0.3925 -18.8643
0.393 -18.8857
0.3935 -18.907
0.394 -18.9284
0.3945 -18.9498
0.395 -18.9711
0.3955 -18.9925
0.396 -19.0139
0.3965 -19.0352
0.397 -19.0566
0.3975 -19.078
0.398 -19.0993
0.3985 -19.1207
0.399 -19.1421
0.3995 -19.1634
0.4 -19.1848
0.4005 -19.2062
0.401 -19.2275
0.4015 -19.2489
0.402 -19.2703
0.4025 -19.2916
0.403 -19.313
0.4035 -19.3344
0.404 -19.3558
0.4045 -19.3771
0.405 -19.3985
0.4055 -19.4199
0.406 -19.4412
0.4065 -19.4626
0.407 -19.484
0.4075 -19.5054
0.408 -19.5267
0.4085 -19.5481
0.409 -19.5695
0.4095 -19.5909
0.41 -19.6122
0.4105 -19.6336
0.411 -19.655
0.4115 -19.6764
0.412 -19.6978
0.4125 -19.7191
0.413 -19.7405
0.4135 -19.7619
0.414 -19.7833
0.4145 -19.8046
0.415 -19.826
0.4155 -19.8474
0.416 -19.8688
0.4165 -19.8902
0.417 -19.9116
0.4175 -19.9329
0.418 -19.9543
0.4185 -19.9757
0.419 -19.9971
0.4195 -20.0185
0.42 -20.0399
0.4205 -20.0613
0.421 -20.0826
0.4215 -20.104
0.422 -20.1254
0.4225 -20.1468
0.423 -20.1682
0.4235 -20.1896
0.424 -20.211
0.4245 -20.2324
0.425 -20.2538
0.4255 -20.2752
0.426 -20.2965
0.4265 -20.3179
0.427 -20.3393
0.4275 -20.3607
0.428 -20.3821
0.4285 -20.4035
0.429 -20.4249
0.4295 -20.4463
0.43 -20.4677
0.4305 -20.4891
0.431 -20.5105
0.4315 -20.5319
0.432 -20.5533
0.4325 -20.5747
0.433 -20.5961
0.4335 -20.6175
0.434 -20.6389
0.4345 -20.6603
0.435 -20.6818
0.4355 -20.7032
0.436 -20.7246
0.4365 -20.746
0.437 -20.7674
0.4375 -20.7888
0.438 -20.8102
0.4385 -20.8316
0.439 -20.853
0.4395 -20.8744
0.44 -20.8959
0.4405 -20.9173
0.441 -20.9387
0.4415 -20.9601
0.442 -20.9815
0.4425 -21.003
0.443 -21.0244
0.4435 -21.0458
0.444 -21.0672
0.4445 -21.0886
0.445 -21.1101
0.4455 -21.1315
0.446 -21.1529
0.4465 -21.1743
0.447 -21.1958
0.4475 -21.2172
0.448 -21.2386
0.4485 -21.2601
0.449 -21.2815
0.4495 -21.3029
0.45 -21.3244
0.4505 -21.3458
0.451 -21.3672
0.4515 -21.3887
0.452 -21.4101
0.4525 -21.4315
0.453 -21.453
0.4535 -21.4744
0.454 -21.4959
0.4545 -21.5173
0.455 -21.5387
0.4555 -21.5602
0.456 -21.5816
0.4565 -21.6031
0.457 -21.6245
0.4575 -21.646
0.458 -21.6674
0.4585 -21.6889
0.459 -21.7103
0.4595 -21.7318
0.46 -21.7532
0.4605 -21.7747
0.461 -21.7962
0.4615 -21.8176
0.462 -21.8391
0.4625 -21.8605
0.463 -21.882
0.4635 -21.9035
0.464 -21.9249
0.4645 -21.9464
0.465 -21.9679
0.4655 -21.9893
0.466 -22.0108
0.4665 -22.0323
0.467 -22.0537
0.4675 -22.0752
0.468 -22.0967
0.4685 -22.1182
0.469 -22.1396
0.4695 -22.1611
0.47 -22.1826
0.4705 -22.2041
0.471 -22.2255
0.4715 -22.247
0.472 -22.2685
0.4725 -22.29
0.473 -22.3115
0.4735 -22.333
0.474 -22.3545
0.4745 -22.3759
0.475 -22.3974
0.4755 -22.4189
0.476 -22.4404
0.4765 -22.4619
0.477 -22.4834
0.4775 -22.5049
0.478 -22.5264
0.4785 -22.5479
0.479 -22.5694
0.4795 -22.5909
0.48 -22.6124
0.4805 -22.6339
0.481 -22.6554
0.4815 -22.6769
0.482 -22.6984
0.4825 -22.72
0.483 -22.7415
0.4835 -22.763
0.484 -22.7845
0.4845 -22.806
0.485 -22.8275
0.4855 -22.8491
0.486 -22.8706
0.4865 -22.8921
0.487 -22.9136
0.4875 -22.9351
0.488 -22.9567
0.4885 -22.9782
0.489 -22.9997
0.4895 -23.0213
0.49 -23.0428
0.4905 -23.0643
0.491 -23.0859
0.4915 -23.1074
0.492 -23.1289
0.4925 -23.1505
0.493 -23.172
0.4935 -23.1936
0.494 -23.2151
0.4945 -23.2366
0.495 -23.2582
0.4955 -23.2797
0.496 -23.3013
0.4965 -23.3228
0.497 -23.3444
0.4975 -23.3659
0.498 -23.3875
0.4985 -23.4091
0.499 -23.4306
0.4995 -23.4522
0.5 -23.4737
0.5005 -23.4953
0.501 -23.5169
0.5015 -23.5384
0.502 -23.56
0.5025 -23.5816
0.503 -23.6031
0.5035 -23.6247
0.504 -23.6463
0.5045 -23.6679
0.505 -23.6895
0.5055 -23.711
0.506 -23.7326
0.5065 -23.7542
0.507 -23.7758
0.5075 -23.7974
0.508 -23.819
0.5085 -23.8405
0.509 -23.8621
0.5095 -23.8837
0.51 -23.9053
0.5105 -23.9269
0.511 -23.9485
0.5115 -23.9701
0.512 -23.9917
0.5125 -24.0133
0.513 -24.0349
0.5135 -24.0565
0.514 -24.0781
0.5145 -24.0997
0.515 -24.1214
0.5155 -24.143
0.516 -24.1646
0.5165 -24.1862
0.517 -24.2078
0.5175 -24.2294
0.518 -24.2511
0.5185 -24.2727
0.519 -24.2943
0.5195 -24.3159
0.52 -24.3376
0.5205 -24.3592
0.521 -24.3808
0.5215 -24.4025
0.522 -24.4241
0.5225 -24.4457
0.523 -24.4674
0.5235 -24.489
0.524 -24.5107
0.5245 -24.5323
0.525 -24.5539
0.5255 -24.5756
0.526 -24.5972
0.5265 -24.6189
0.527 -24.6405
0.5275 -24.6622
0.528 -24.6839
0.5285 -24.7055
0.529 -24.7272
0.5295 -24.7488
0.53 -24.7705
0.5305 -24.7922
0.531 -24.8138
0.5315 -24.8355
0.532 -24.8572
0.5325 -24.8789
0.533 -24.9005
0.5335 -24.9222
0.534 -24.9439
0.5345 -24.9656
0.535 -24.9873
0.5355 -25.0089
0.536 -25.0306
0.5365 -25.0523
0.537 -25.074
0.5375 -25.0957
0.538 -25.1174
0.5385 -25.1391
0.539 -25.1608
0.5395 -25.1825
0.54 -25.2042
0.5405 -25.2259
0.541 -25.2476
0.5415 -25.2693
0.542 -25.291
0.5425 -25.3127
0.543 -25.3344
0.5435 -25.3561
0.544 -25.3779
0.5445 -25.3996
0.545 -25.4213
0.5455 -25.443
0.546 -25.4648
0.5465 -25.4865
0.547 -25.5082
0.5475 -25.5299
0.548 -25.5517
0.5485 -25.5734
0.549 -25.5951
0.5495 -25.6169
0.55 -25.6386
0.5505 -25.6604
0.551 -25.6821
0.5515 -25.7039
0.552 -25.7256
0.5525 -25.7474
0.553 -25.7691
0.5535 -25.7909
0.554 -25.8126
0.5545 -25.8344
0.555 -25.8561
0.5555 -25.8779
0.556 -25.8997
0.5565 -25.9214
0.557 -25.9432
0.5575 -25.965
0.558 -25.9868
0.5585 -26.0085
0.559 -26.0303
0.5595 -26.0521
0.56 -26.0739
0.5605 -26.0957
0.561 -26.1174
0.5615 -26.1392
0.562 -26.161
0.5625 -26.1828
0.563 -26.2046
0.5635 -26.2264
0.564 -26.2482
0.5645 -26.27
0.565 -26.2918
0.5655 -26.3136
0.566 -26.3354
0.5665 -26.3572
0.567 -26.379
0.5675 -26.4009
0.568 -26.4227
0.5685 -26.4445
0.569 -26.4663
0.5695 -26.4881
0.57 -26.5099
0.5705 -26.5318
0.571 -26.5536
0.5715 -26.5754
0.572 -26.5973
0.5725 -26.6191
0.573 -26.6409
0.5735 -26.6628
0.574 -26.6846
0.5745 -26.7065
0.575 -26.7283
0.5755 -26.7502
0.576 -26.772
0.5765 -26.7939
0.577 -26.8157
0.5775 -26.8376
0.578 -26.8594
0.5785 -26.8813
0.579 -26.9032
0.5795 -26.925
0.58 -26.9469
0.5805 -26.9688
0.581 -26.9906
0.5815 -27.0125
0.582 -27.0344
0.5825 -27.0563
0.583 -27.0781
0.5835 -27.1
0.584 -27.1219
0.5845 -27.1438
0.585 -27.1657
0.5855 -27.1876
0.586 -27.2095
0.5865 -27.2314
0.587 -27.2533
0.5875 -27.2752
0.588 -27.2971
0.5885 -27.319
0.589 -27.3409
0.5895 -27.3628
0.59 -27.3847
0.5905 -27.4066
0.591 -27.4285
0.5915 -27.4505
0.592 -27.4724
0.5925 -27.4943
0.593 -27.5162
0.5935 -27.5382
0.594 -27.5601
0.5945 -27.582
0.595 -27.604
0.5955 -27.6259
0.596 -27.6478
0.5965 -27.6698
0.597 -27.6917
0.5975 -27.7137
0.598 -27.7356
0.5985 -27.7576
0.599 -27.7795
0.5995 -27.8015
0.6 -27.8234
0.6005 -27.8454
0.601 -27.8674
0.6015 -27.8893
0.602 -27.9113
0.6025 -27.9333
0.603 -27.9552
0.6035 -27.9772
0.604 -27.9992
0.6045 -28.0212
0.605 -28.0432
0.6055 -28.0651
0.606 -28.0871
0.6065 -28.1091
0.607 -28.1311
0.6075 -28.1531
0.608 -28.1751
0.6085 -28.1971
0.609 -28.2191
0.6095 -28.2411
0.61 -28.2631
0.6105 -28.2851
0.611 -28.3071
0.6115 -28.3292
0.612 -28.3512
0.6125 -28.3732
0.613 -28.3952
0.6135 -28.4172
0.614 -28.4393
0.6145 -28.4613
0.615 -28.4833
0.6155 -28.5053
0.616 -28.5274
0.6165 -28.5494
0.617 -28.5715
0.6175 -28.5935
0.618 -28.6155
0.6185 -28.6376
0.619 -28.6596
0.6195 -28.6817
0.62 -28.7038
0.6205 -28.7258
0.621 -28.7479
0.6215 -28.7699
0.622 -28.792
0.6225 -28.8141
0.623 -28.8361
0.6235 -28.8582
0.624 -28.8803
0.6245 -28.9024
0.625 -28.9244
0.6255 -28.9465
0.626 -28.9686
0.6265 -28.9907
0.627 -29.0128
0.6275 -29.0349
0.628 -29.057
0.6285 -29.0791
0.629 -29.1012
0.6295 -29.1233
0.63 -29.1454
0.6305 -29.1675
0.631 -29.1896
0.6315 -29.2117
0.632 -29.2338
0.6325 -29.2559
0.633 -29.278
0.6335 -29.3002
0.634 -29.3223
0.6345 -29.3444
0.635 -29.3666
0.6355 -29.3887
0.636 -29.4108
0.6365 -29.433
0.637 -29.4551
0.6375 -29.4772
0.638 -29.4994
0.6385 -29.5215
0.639 -29.5437
0.6395 -29.5658
0.64 -29.588
0.6405 -29.6101
0.641 -29.6323
0.6415 -29.6545
0.642 -29.6766
0.6425 -29.6988
0.643 -29.721
0.6435 -29.7431
0.644 -29.7653
0.6445 -29.7875
0.645 -29.8097
0.6455 -29.8319
0.646 -29.8541
0.6465 -29.8762
0.647 -29.8984
0.6475 -29.9206
0.648 -29.9428
0.6485 -29.965
0.649 -29.9872
0.6495 -30.0094
0.65 -30.0316
0.6505 -30.0538
0.651 -30.0761
0.6515 -30.0983
0.652 -30.1205
0.6525 -30.1427
0.653 -30.1649
0.6535 -30.1872
0.654 -30.2094
0.6545 -30.2316
0.655 -30.2538
0.6555 -30.2761
0.656 -30.2983
0.6565 -30.3206
0.657 -30.3428
0.6575 -30.365
0.658 -30.3873
0.6585 -30.4095
0.659 -30.4318
0.6595 -30.4541
0.66 -30.4763
0.6605 -30.4986
0.661 -30.5208
0.6615 -30.5431
0.662 -30.5654
0.6625 -30.5877
0.663 -30.6099
0.6635 -30.6322
0.664 -30.6545
0.6645 -30.6768
0.665 -30.6991
0.6655 -30.7213
0.666 -30.7436
0.6665 -30.7659
0.667 -30.7882
0.6675 -30.8105
0.668 -30.8328
0.6685 -30.8551
0.669 -30.8774
0.6695 -30.8997
0.67 -30.9221
0.6705 -30.9444
0.671 -30.9667
0.6715 -30.989
0.672 -31.0113
0.6725 -31.0337
0.673 -31.056
0.6735 -31.0783
0.674 -31.1007
0.6745 -31.123
0.675 -31.1453
0.6755 -31.1677
0.676 -31.19
0.6765 -31.2124
0.677 -31.2347
0.6775 -31.2571
0.678 -31.2794
0.6785 -31.3018
0.679 -31.3241
0.6795 -31.3465
0.68 -31.3689
0.6805 -31.3912
0.681 -31.4136
0.6815 -31.436
0.682 -31.4584
0.6825 -31.4807
0.683 -31.5031
0.6835 -31.5255
0.684 -31.5479
0.6845 -31.5703
0.685 -31.5927
0.6855 -31.6151
0.686 -31.6375
0.6865 -31.6599
0.687 -31.6823
0.6875 -31.7047
0.688 -31.7271
0.6885 -31.7495
0.689 -31.7719
0.6895 -31.7943
0.69 -31.8168
0.6905 -31.8392
0.691 -31.8616
0.6915 -31.8841
0.692 -31.9065
0.6925 -31.9289
0.693 -31.9514
0.6935 -31.9738
0.694 -31.9962
0.6945 -32.0187
0.695 -32.0411
0.6955 -32.0636
0.696 -32.086
0.6965 -32.1085
0.697 -32.131
0.6975 -32.1534
0.698 -32.1759
0.6985 -32.1983
0.699 -32.2208
0.6995 -32.2433
0.7 -32.2658
0.7005 -32.2882
0.701 -32.3107
0.7015 -32.3332
0.702 -32.3557
0.7025 -32.3782
0.703 -32.4007
0.7035 -32.4232
0.704 -32.4457
0.7045 -32.4682
0.705 -32.4907
0.7055 -32.5132
0.706 -32.5357
0.7065 -32.5582
0.707 -32.5807
0.7075 -32.6032
0.708 -32.6258
0.7085 -32.6483
0.709 -32.6708
0.7095 -32.6933
0.71 -32.7159
0.7105 -32.7384
0.711 -32.761
0.7115 -32.7835
0.712 -32.806
0.7125 -32.8286
0.713 -32.8511
0.7135 -32.8737
0.714 -32.8962
0.7145 -32.9188
0.715 -32.9414
0.7155 -32.9639
0.716 -32.9865
0.7165 -33.0091
0.717 -33.0316
0.7175 -33.0542
0.718 -33.0768
0.7185 -33.0994
0.719 -33.1219
0.7195 -33.1445
0.72 -33.1671
0.7205 -33.1897
0.721 -33.2123
0.7215 -33.2349
0.722 -33.2575
0.7225 -33.2801
0.723 -33.3027
0.7235 -33.3253
0.724 -33.3479
0.7245 -33.3705
0.725 -33.3931
0.7255 -33.4158
0.726 -33.4384
0.7265 -33.461
0.727 -33.4836
0.7275 -33.5063
0.728 -33.5289
0.7285 -33.5515
0.729 -33.5742
0.7295 -33.5968
0.73 -33.6195
0.7305 -33.6421
0.731 -33.6648
0.7315 -33.6874
0.732 -33.7101
0.7325 -33.7327
0.733 -33.7554
0.7335 -33.7781
0.734 -33.8007
0.7345 -33.8234
0.735 -33.8461
0.7355 -33.8687
0.736 -33.8914
0.7365 -33.9141
0.737 -33.9368
0.7375 -33.9595
0.738 -33.9822
0.7385 -34.0049
0.739 -34.0276
0.7395 -34.0503
0.74 -34.073
0.7405 -34.0957
0.741 -34.1184
0.7415 -34.1411
0.742 -34.1638
0.7425 -34.1865
0.743 -34.2092
0.7435 -34.232
0.744 -34.2547
0.7445 -34.2774
0.745 -34.3001
0.7455 -34.3229
0.746 -34.3456
0.7465 -34.3683
0.747 -34.3911
0.7475 -34.4138
0.748 -34.4366
0.7485 -34.4593
0.749 -34.4821
0.7495 -34.5048
0.75 -34.5276
0.7505 -34.5504
0.751 -34.5731
0.7515 -34.5959
0.752 -34.6187
0.7525 -34.6414
0.753 -34.6642
0.7535 -34.687
0.754 -34.7098
0.7545 -34.7325
0.755 -34.7553
0.7555 -34.7781
0.756 -34.8009
0.7565 -34.8237
0.757 -34.8465
0.7575 -34.8693
0.758 -34.8921
0.7585 -34.9149
0.759 -34.9377
0.7595 -34.9605
0.76 -34.9834
0.7605 -35.0062
0.761 -35.029
0.7615 -35.0518
0.762 -35.0747
0.7625 -35.0975
0.763 -35.1203
0.7635 -35.1432
0.764 -35.166
0.7645 -35.1888
0.765 -35.2117
0.7655 -35.2345
0.766 -35.2574
0.7665 -35.2802
0.767 -35.3031
0.7675 -35.3259
0.768 -35.3488
0.7685 -35.3717
0.769 -35.3945
0.7695 -35.4174
0.77 -35.4403
0.7705 -35.4632
0.771 -35.486
0.7715 -35.5089
0.772 -35.5318
0.7725 -35.5547
0.773 -35.5776
0.7735 -35.6005
0.774 -35.6234
0.7745 -35.6463
0.775 -35.6692
0.7755 -35.6921
0.776 -35.715
0.7765 -35.7379
0.777 -35.7608
0.7775 -35.7837
0.778 -35.8066
0.7785 -35.8296
0.779 -35.8525
0.7795 -35.8754
0.78 -35.8983
0.7805 -35.9213
0.781 -35.9442
0.7815 -35.9672
0.782 -35.9901
0.7825 -36.013
0.783 -36.036
0.7835 -36.0589
0.784 -36.0819
0.7845 -36.1048
0.785 -36.1278
0.7855 -36.1508
0.786 -36.1737
0.7865 -36.1967
0.787 -36.2197
0.7875 -36.2426
0.788 -36.2656
0.7885 -36.2886
0.789 -36.3116
0.7895 -36.3346
0.79 -36.3575
0.7905 -36.3805
0.791 -36.4035
0.7915 -36.4265
0.792 -36.4495
0.7925 -36.4725
0.793 -36.4955
0.7935 -36.5185
0.794 -36.5415
0.7945 -36.5646
0.795 -36.5876
0.7955 -36.6106
0.796 -36.6336
0.7965 -36.6566
0.797 -36.6797
0.7975 -36.7027
0.798 -36.7257
0.7985 -36.7488
0.799 -36.7718
0.7995 -36.7948
0.8 -36.8179
0.8005 -36.8409
0.801 -36.864
0.8015 -36.887
0.802 -36.9101
0.8025 -36.9331
0.803 -36.9562
0.8035 -36.9793
0.804 -37.0023
0.8045 -37.0254
0.805 -37.0485
0.8055 -37.0715
0.806 -37.0946
0.8065 -37.1177
0.807 -37.1408
0.8075 -37.1639
0.808 -37.1869
0.8085 -37.21
0.809 -37.2331
0.8095 -37.2562
0.81 -37.2793
0.8105 -37.3024
0.811 -37.3255
0.8115 -37.3486
0.812 -37.3718
0.8125 -37.3949
0.813 -37.418
0.8135 -37.4411
0.814 -37.4642
0.8145 -37.4873
0.815 -37.5105
0.8155 -37.5336
0.816 -37.5567
0.8165 -37.5799
0.817 -37.603
0.8175 -37.6262
0.818 -37.6493
0.8185 -37.6724
0.819 -37.6956
0.8195 -37.7187
0.82 -37.7419
0.8205 -37.7651
0.821 -37.7882
0.8215 -37.8114
0.822 -37.8345
0.8225 -37.8577
0.823 -37.8809
0.8235 -37.9041
0.824 -37.9272
0.8245 -37.9504
0.825 -37.9736
0.8255 -37.9968
0.826 -38.02
0.8265 -38.0432
0.827 -38.0663
0.8275 -38.0895
0.828 -38.1127
0.8285 -38.1359
0.829 -38.1591
0.8295 -38.1823
0.83 -38.2056
0.8305 -38.2288
0.831 -38.252
0.8315 -38.2752
0.832 -38.2984
0.8325 -38.3216
0.833 -38.3449
0.8335 -38.3681
0.834 -38.3913
0.8345 -38.4146
0.835 -38.4378
0.8355 -38.461
0.836 -38.4843
0.8365 -38.5075
0.837 -38.5308
0.8375 -38.554
0.838 -38.5773
0.8385 -38.6005
0.839 -38.6238
0.8395 -38.647
0.84 -38.6703
0.8405 -38.6936
0.841 -38.7168
0.8415 -38.7401
0.842 -38.7634
0.8425 -38.7866
0.843 -38.8099
0.8435 -38.8332
0.844 -38.8565
0.8445 -38.8798
0.845 -38.9031
0.8455 -38.9263
0.846 -38.9496
0.8465 -38.9729
0.847 -38.9962
0.8475 -39.0195
0.848 -39.0428
0.8485 -39.0661
0.849 -39.0894
0.8495 -39.1128
0.85 -39.1361
0.8505 -39.1594
0.851 -39.1827
0.8515 -39.206
0.852 -39.2293
0.8525 -39.2527
0.853 -39.276
0.8535 -39.2993
0.854 -39.3227
0.8545 -39.346
0.855 -39.3693
0.8555 -39.3927
0.856 -39.416
0.8565 -39.4394
0.857 -39.4627
0.8575 -39.4861
0.858 -39.5094
0.8585 -39.5328
0.859 -39.5561
0.8595 -39.5795
0.86 -39.6029
0.8605 -39.6262
0.861 -39.6496
0.8615 -39.673
0.862 -39.6963
0.8625 -39.7197
0.863 -39.7431
0.8635 -39.7665
0.864 -39.7899
0.8645 -39.8132
0.865 -39.8366
0.8655 -39.86
0.866 -39.8834
0.8665 -39.9068
0.867 -39.9302
0.8675 -39.9536
0.868 -39.977
0.8685 -40.0004
0.869 -40.0238
0.8695 -40.0472
0.87 -40.0706
0.8705 -40.094
0.871 -40.1175
0.8715 -40.1409
0.872 -40.1643
0.8725 -40.1877
0.873 -40.2111
0.8735 -40.2346
0.874 -40.258
0.8745 -40.2814
0.875 -40.3049
0.8755 -40.3283
0.876 -40.3517
0.8765 -40.3752
0.877 -40.3986
0.8775 -40.4221
0.878 -40.4455
0.8785 -40.469
0.879 -40.4924
0.8795 -40.5159
0.88 -40.5393
0.8805 -40.5628
0.881 -40.5862
0.8815 -40.6097
0.882 -40.6332
0.8825 -40.6566
0.883 -40.6801
0.8835 -40.7036
0.884 -40.727
0.8845 -40.7505
0.885 -40.774
0.8855 -40.7975
0.886 -40.821
0.8865 -40.8444
0.887 -40.8679
0.8875 -40.8914
0.888 -40.9149
0.8885 -40.9384
0.889 -40.9619
0.8895 -40.9854
0.89 -41.0089
0.8905 -41.0324
0.891 -41.0559
0.8915 -41.0794
0.892 -41.1029
0.8925 -41.1264
0.893 -41.1499
0.8935 -41.1734
0.894 -41.1969
0.8945 -41.2204
0.895 -41.244
0.8955 -41.2675
0.896 -41.291
0.8965 -41.3145
0.897 -41.338
0.8975 -41.3616
0.898 -41.3851
0.8985 -41.4086
0.899 -41.4322
0.8995 -41.4557
0.9 -41.4792
0.9005 -41.5028
0.901 -41.5263
0.9015 -41.5498
0.902 -41.5734
0.9025 -41.5969
0.903 -41.6205
0.9035 -41.644
0.904 -41.6676
0.9045 -41.6911
0.905 -41.7147
0.9055 -41.7382
0.906 -41.7618
0.9065 -41.7853
0.907 -41.8089
0.9075 -41.8324
0.908 -41.856
0.9085 -41.8795
0.909 -41.9031
0.9095 -41.9267
0.91 -41.9502
0.9105 -41.9738
0.911 -41.9974
0.9115 -42.0209
0.912 -42.0445
0.9125 -42.0681
0.913 -42.0917
0.9135 -42.1152
0.914 -42.1388
0.9145 -42.1624
0.915 -42.186
0.9155 -42.2095
0.916 -42.2331
0.9165 -42.2567
0.917 -42.2803
0.9175 -42.3039
0.918 -42.3275
0.9185 -42.3511
0.919 -42.3746
0.9195 -42.3982
0.92 -42.4218
0.9205 -42.4454
0.921 -42.469
0.9215 -42.4926
0.922 -42.5162
0.9225 -42.5398
0.923 -42.5634
0.9235 -42.587
0.924 -42.6106
0.9245 -42.6342
0.925 -42.6578
0.9255 -42.6814
0.926 -42.705
0.9265 -42.7286
0.927 -42.7522
0.9275 -42.7758
0.928 -42.7994
0.9285 -42.823
0.929 -42.8466
0.9295 -42.8702
0.93 -42.8938
0.9305 -42.9174
0.931 -42.941
0.9315 -42.9646
0.932 -42.9882
0.9325 -43.0118
0.933 -43.0354
0.9335 -43.059
0.934 -43.0826
0.9345 -43.1062
0.935 -43.1298
0.9355 -43.1535
0.936 -43.1771
0.9365 -43.2007
0.937 -43.2243
0.9375 -43.2479
0.938 -43.2715
0.9385 -43.2951
0.939 -43.3187
0.9395 -43.3423
0.94 -43.3659
0.9405 -43.3895
0.941 -43.4131
0.9415 -43.4367
0.942 -43.4603
0.9425 -43.4839
0.943 -43.5075
0.9435 -43.5311
0.944 -43.5547
0.9445 -43.5783
0.945 -43.6019
0.9455 -43.6255
0.946 -43.6491
0.9465 -43.6727
0.947 -43.6963
0.9475 -43.7199
0.948 -43.7435
0.9485 -43.7671
0.949 -43.7907
0.9495 -43.8143
0.95 -43.8379
0.9505 -43.8615
0.951 -43.885
0.9515 -43.9086
0.952 -43.9322
0.9525 -43.9558
0.953 -43.9794
0.9535 -44.0029
0.954 -44.0265
0.9545 -44.0501
0.955 -44.0736
0.9555 -44.0972
0.956 -44.1208
0.9565 -44.1443
0.957 -44.1679
0.9575 -44.1914
0.958 -44.215
0.9585 -44.2385
0.959 -44.2621
0.9595 -44.2856
0.96 -44.3092
0.9605 -44.3327
0.961 -44.3562
0.9615 -44.3797
0.962 -44.4033
0.9625 -44.4268
0.963 -44.4503
0.9635 -44.4738
0.964 -44.4973
0.9645 -44.5208
0.965 -44.5443
0.9655 -44.5678
0.966 -44.5913
0.9665 -44.6147
0.967 -44.6382
0.9675 -44.6617
0.968 -44.6851
0.9685 -44.7086
0.969 -44.732
0.9695 -44.7555
0.97 -44.7789
0.9705 -44.8023
0.971 -44.8257
0.9715 -44.8491
0.972 -44.8725
0.9725 -44.8959
0.973 -44.9193
0.9735 -44.9427
0.974 -44.966
0.9745 -44.9894
0.975 -45.0127
0.9755 -45.036
0.976 -45.0593
0.9765 -45.0826
0.977 -45.1059
0.9775 -45.1292
0.978 -45.1524
0.9785 -45.1757
0.979 -45.1989
0.9795 -45.2221
0.98 -45.2453
0.9805 -45.2684
0.981 -45.2916
0.9815 -45.3147
0.982 -45.3378
0.9825 -45.3609
0.983 -45.3839
0.9835 -45.4069
0.984 -45.4299
0.9845 -45.4528
0.985 -45.4757
0.9855 -45.4986
0.986 -45.5214
0.9865 -45.5441
0.987 -45.5668
0.9875 -45.5894
0.988 -45.6119
0.9885 -45.6343
0.989 -45.6566
0.9895 -45.6786
0.99 -45.7001
0.9905 nan
0.991 nan
0.9915 nan
0.992 nan
0.9925 nan
0.993 nan
0.9935 nan
0.994 nan
0.9945 nan
0.995 nan
0.9955 nan
0.996 nan
0.9965 nan
0.997 nan
0.9975 nan
0.998 nan
0.9985 nan
0.999 nan
0.9995 nan
